locatie_id,volgnummer,apparaat_id,type,status,statusReason,timestamp
1011001,01,611057,Sealbag-automaat,Unavailable,False,2023-12-12 15:08:23
1011001,02,811798,Geld storten en opnemen,Unavailable,False,2023-12-12 15:08:23
1011001,03,920366,Geldautomaat,Available,False,2023-12-12 15:08:23
1011002,01,911448,Geldautomaat,Available,False,2023-12-12 15:08:24
1011003,01,910117,Geldautomaat,Available,False,2023-12-12 15:08:24
1012001,01,812212,Geld storten en opnemen,Available,True,2023-12-12 15:08:25
1012002,01,810363,Geld storten en opnemen,Available,False,2023-12-12 15:08:25
1012006,01,914201,Geldautomaat,Available,False,2023-12-12 15:08:26
1012007,01,910127,Geldautomaat,Available,False,2023-12-12 15:08:26
1012009,01,910121,Geldautomaat,Available,False,2023-12-12 15:08:27
1012010,01,911433,Geldautomaat,Available,False,2023-12-12 15:08:27
1012013,01,914711,Geldautomaat,Available,False,2023-12-12 15:08:28
1012013,02,812414,Geld storten en opnemen,Unavailable,False,2023-12-12 15:08:28
1012013,03,611347,Sealbag-automaat,Available,False,2023-12-12 15:08:28
1012014,01,812450,Geld storten en opnemen,Available,True,2023-12-12 15:08:28
1012014,02,812469,Geld storten en opnemen,Available,True,2023-12-12 15:08:28
1012015,01,920286,Geldautomaat,Available,False,2023-12-12 15:08:29
1012015,02,611463,Sealbag-automaat,Available,False,2023-12-12 15:08:29
1012017,01,812969,Geld storten en opnemen,Available,True,2023-12-12 15:08:29
1012017,02,812971,Geld storten en opnemen,Available,True,2023-12-12 15:08:29
1012017,03,812972,Geld storten en opnemen,Unavailable,False,2023-12-12 15:08:29
1012017,04,812970,Geld storten en opnemen,Unavailable,False,2023-12-12 15:08:29
1012018,01,914888,Geldautomaat,Available,False,2023-12-12 15:08:29
1013001,01,912155,Geldautomaat,Available,False,2023-12-12 15:08:30
1013002,01,910132,Geldautomaat,Available,False,2023-12-12 15:08:30
1013003,01,811960,Geld storten en opnemen,Available,False,2023-12-12 15:08:31
1013003,02,813033,Geld storten en opnemen,Available,True,2023-12-12 15:08:31
1015001,01,811741,Geld storten en opnemen,Available,False,2023-12-12 15:08:31
1015002,01,910122,Geldautomaat,Available,False,2023-12-12 15:08:32
1015003,01,910118,Geldautomaat,Available,False,2023-12-12 15:08:32
1016002,01,910133,Geldautomaat,Available,False,2023-12-12 15:08:33
1016005,01,914064,Geldautomaat,Available,False,2023-12-12 15:08:34
1017002,01,811816,Geld storten en opnemen,Available,False,2023-12-12 15:08:34
1017002,02,913906,Geldautomaat,Available,False,2023-12-12 15:08:34
1017002,03,811817,Geld storten en opnemen,Available,True,2023-12-12 15:08:34
1017003,01,911255,Geldautomaat,Available,False,2023-12-12 15:08:35
1017006,01,911449,Geldautomaat,Available,False,2023-12-12 15:08:35
1017007,01,911450,Geldautomaat,Available,False,2023-12-12 15:08:35
1017008,01,911451,Geldautomaat,Available,False,2023-12-12 15:08:36
1017009,01,911452,Geldautomaat,Available,False,2023-12-12 15:08:36
1017009,02,610019,Sealbag-automaat,Available,False,2023-12-12 15:08:36
1017011,01,812816,Geld storten en opnemen,Available,True,2023-12-12 15:08:37
1017011,02,812814,Geld storten en opnemen,Available,False,2023-12-12 15:08:37
1017011,03,812815,Geld storten en opnemen,Available,True,2023-12-12 15:08:37
1017011,04,611088,Sealbag-automaat,Available,False,2023-12-12 15:08:37
1017012,01,914750,Geldautomaat,Available,False,2023-12-12 15:08:37
1018002,01,911009,Geldautomaat,Available,False,2023-12-12 15:08:38
1018003,01,911010,Geldautomaat,Available,False,2023-12-12 15:08:38
1018004,01,910138,Geldautomaat,Available,False,2023-12-12 15:08:39
1018005,01,811066,Geld storten en opnemen,Available,False,2023-12-12 15:08:39
1019001,01,912160,Geldautomaat,Available,False,2023-12-12 15:08:40
1019004,01,812389,Geld storten en opnemen,Available,True,2023-12-12 15:08:40
1019004,02,812821,Geld storten en opnemen,Available,True,2023-12-12 15:08:40
1024001,01,910146,Geldautomaat,Available,False,2023-12-12 15:08:40
1024002,01,910147,Geldautomaat,Available,False,2023-12-12 15:08:41
1024004,01,811469,Geld storten en opnemen,Available,True,2023-12-12 15:08:41
1025002,01,912151,Geldautomaat,Available,False,2023-12-12 15:08:42
1025005,01,610938,Sealbag-automaat,Available,False,2023-12-12 15:08:42
1025005,02,913574,Geldautomaat,Available,False,2023-12-12 15:08:42
1031003,01,910150,Geldautomaat,Available,False,2023-12-12 15:08:43
1031005,01,920404,Geldautomaat,Available,False,2023-12-12 15:08:43
1031006,01,812538,Geld storten en opnemen,Available,True,2023-12-12 15:08:44
1033002,01,914209,Geldautomaat,Available,False,2023-12-12 15:08:44
1034001,01,913826,Geldautomaat,Available,False,2023-12-12 15:08:45
1034002,01,811049,Geld storten en opnemen,Available,True,2023-12-12 15:08:45
1035002,01,911978,Geldautomaat,Available,False,2023-12-12 15:08:45
1035003,01,811274,Geld storten en opnemen,Available,True,2023-12-12 15:08:46
1035004,01,913080,Geldautomaat,Unavailable,False,2023-12-12 15:08:46
1035005,01,812593,Geld storten en opnemen,Available,True,2023-12-12 15:08:47
1051006,01,812429,Geld storten en opnemen,Unavailable,False,2023-12-12 15:08:47
1052001,01,911286,Geldautomaat,Available,False,2023-12-12 15:08:48
1053003,01,911558,Geldautomaat,Available,False,2023-12-12 15:08:48
1053005,01,811795,Geld storten en opnemen,Available,False,2023-12-12 15:08:49
1053006,01,912024,Geldautomaat,Available,False,2023-12-12 15:08:49
1053009,01,812931,Geld storten en opnemen,Available,True,2023-12-12 15:08:49
1053009,02,920354,Geldautomaat,Available,False,2023-12-12 15:08:49
1053009,03,611456,Sealbag-automaat,Available,False,2023-12-12 15:08:49
1053010,01,812934,Geld storten en opnemen,Unavailable,False,2023-12-12 15:08:50
1053010,02,812936,Geld storten en opnemen,Available,True,2023-12-12 15:08:50
1053010,03,812935,Geld storten en opnemen,Unavailable,False,2023-12-12 15:08:50
1053010,04,812933,Geld storten en opnemen,Unavailable,False,2023-12-12 15:08:50
1053010,05,812932,Geld storten en opnemen,Available,True,2023-12-12 15:08:50
1054002,01,910072,Geldautomaat,Available,False,2023-12-12 15:08:50
1054003,01,910070,Geldautomaat,Available,False,2023-12-12 15:08:51
1055003,01,911561,Geldautomaat,Available,False,2023-12-12 15:08:51
1055004,01,911562,Geldautomaat,Available,False,2023-12-12 15:08:52
1055006,01,811476,Geld storten en opnemen,Available,True,2023-12-12 15:08:52
1055006,02,811321,Geld storten en opnemen,Available,False,2023-12-12 15:08:52
1056002,01,911946,Geldautomaat,Available,False,2023-12-12 15:08:53
1056004,01,912766,Geldautomaat,Available,False,2023-12-12 15:08:53
1056005,01,811255,Geld storten en opnemen,Available,True,2023-12-12 15:08:53
1057003,01,910036,Geldautomaat,Available,False,2023-12-12 15:08:54
1057005,01,910064,Geldautomaat,Available,False,2023-12-12 15:08:54
1058002,01,811251,Geld storten en opnemen,Available,True,2023-12-12 15:08:55
1058002,02,610927,Sealbag-automaat,Available,False,2023-12-12 15:08:55
1059001,01,914813,Geldautomaat,Available,False,2023-12-12 15:08:55
1062001,01,812339,Geld storten en opnemen,Available,True,2023-12-12 15:08:56
1062002,01,910082,Geldautomaat,Available,False,2023-12-12 15:08:56
1062003,01,910079,Geldautomaat,Available,False,2023-12-12 15:08:57
1062004,01,810021,Geld storten en opnemen,Available,True,2023-12-12 15:08:57
1062004,02,611024,Sealbag-automaat,Available,False,2023-12-12 15:08:57
1062006,01,812615,Geld storten en opnemen,Available,True,2023-12-12 15:08:58
1063001,01,912611,Geldautomaat,Available,False,2023-12-12 15:08:58
1063001,02,611286,Sealbag-automaat,Available,False,2023-12-12 15:08:58
1063002,01,912610,Geldautomaat,Available,False,2023-12-12 15:08:58
1063004,01,913551,Geldautomaat,Available,False,2023-12-12 15:08:59
1063004,02,810710,Geld storten en opnemen,Available,True,2023-12-12 15:08:59
1063004,03,810711,Geld storten en opnemen,Available,True,2023-12-12 15:08:59
1063006,01,812976,Geld storten en opnemen,Unavailable,False,2023-12-12 15:08:59
1063006,02,811288,Geld storten en opnemen,Available,True,2023-12-12 15:08:59
1065003,01,912804,Geldautomaat,Available,False,2023-12-12 15:09:00
1065004,01,811719,Geld storten en opnemen,Available,True,2023-12-12 15:09:00
1066003,01,811278,Geld storten en opnemen,Available,True,2023-12-12 15:09:01
1066004,01,913117,Geldautomaat,Available,False,2023-12-12 15:09:01
1067001,01,811859,Geld storten en opnemen,Unavailable,False,2023-12-12 15:09:02
1067002,01,910091,Geldautomaat,Available,False,2023-12-12 15:09:02
1068003,01,912154,Geldautomaat,Available,False,2023-12-12 15:09:03
1068004,01,920426,Geldautomaat,Available,False,2023-12-12 15:09:03
1068008,01,811472,Geld storten en opnemen,Available,True,2023-12-12 15:09:04
1068008,02,810400,Geld storten en opnemen,Unavailable,False,2023-12-12 15:09:04
1068011,01,812492,Geld storten en opnemen,Unavailable,False,2023-12-12 15:09:04
1068011,02,812806,Geld storten en opnemen,Unavailable,False,2023-12-12 15:09:04
1068011,03,812493,Geld storten en opnemen,Unavailable,False,2023-12-12 15:09:04
1068011,04,812491,Geld storten en opnemen,Available,True,2023-12-12 15:09:04
1068011,05,812805,Geld storten en opnemen,Available,True,2023-12-12 15:09:04
1068012,01,611393,Sealbag-automaat,Available,False,2023-12-12 15:09:05
1068012,02,920390,Geldautomaat,Available,False,2023-12-12 15:09:05
1069001,01,910092,Geldautomaat,Available,False,2023-12-12 15:09:05
1069002,01,811306,Geld storten en opnemen,Available,True,2023-12-12 15:09:06
1071001,01,914790,Geldautomaat,Available,False,2023-12-12 15:09:06
1071002,01,912626,Geldautomaat,Available,False,2023-12-12 15:09:07
1071005,01,812663,Geld storten en opnemen,Available,False,2023-12-12 15:09:07
1071005,02,611082,Sealbag-automaat,Available,False,2023-12-12 15:09:07
1072001,01,810109,Geld storten en opnemen,Available,False,2023-12-12 15:09:07
1072001,02,810110,Geld storten en opnemen,Available,True,2023-12-12 15:09:07
1072002,01,911495,Geldautomaat,Available,False,2023-12-12 15:09:08
1072003,01,910189,Geldautomaat,Available,False,2023-12-12 15:09:08
1072004,01,914449,Geldautomaat,Available,False,2023-12-12 15:09:09
1072004,02,812374,Geld storten en opnemen,Available,False,2023-12-12 15:09:09
1072004,03,812199,Geld storten en opnemen,Available,False,2023-12-12 15:09:09
1073002,01,911251,Geldautomaat,Available,False,2023-12-12 15:09:09
1073003,01,911267,Geldautomaat,Available,False,2023-12-12 15:09:10
1073005,01,920415,Geldautomaat,Available,False,2023-12-12 15:09:10
1073005,02,611390,Sealbag-automaat,Available,False,2023-12-12 15:09:10
1073006,01,812485,Geld storten en opnemen,Available,True,2023-12-12 15:09:11
1073006,02,812486,Geld storten en opnemen,Available,True,2023-12-12 15:09:11
1073006,03,810394,Geld storten en opnemen,Available,True,2023-12-12 15:09:11
1073006,04,812484,Geld storten en opnemen,Available,True,2023-12-12 15:09:11
1073006,05,812546,Geld storten en opnemen,Unavailable,False,2023-12-12 15:09:11
1073006,06,812487,Geld storten en opnemen,Available,True,2023-12-12 15:09:11
1076001,01,910190,Geldautomaat,Available,False,2023-12-12 15:09:11
1076002,01,910186,Geldautomaat,Available,False,2023-12-12 15:09:12
1076003,01,812131,Geld storten en opnemen,Available,True,2023-12-12 15:09:12
1077001,01,912149,Geldautomaat,Available,False,2023-12-12 15:09:12
1077004,01,611080,Sealbag-automaat,Available,False,2023-12-12 15:09:13
1077004,02,811916,Geld storten en opnemen,Available,True,2023-12-12 15:09:13
1078001,01,910192,Geldautomaat,Available,False,2023-12-12 15:09:13
1078003,01,910196,Geldautomaat,Available,False,2023-12-12 15:09:14
1078005,01,913280,Geldautomaat,Available,False,2023-12-12 15:09:14
1078008,01,812937,Geld storten en opnemen,Available,False,2023-12-12 15:09:15
1079001,01,810119,Geld storten en opnemen,Available,True,2023-12-12 15:09:15
1079002,01,911528,Geldautomaat,Available,False,2023-12-12 15:09:16
1081001,01,910013,Geldautomaat,Available,False,2023-12-12 15:09:16
1081002,01,910198,Geldautomaat,Available,False,2023-12-12 15:09:16
1082001,01,910290,Geldautomaat,Available,False,2023-12-12 15:09:17
1082002,01,912575,Geldautomaat,Available,False,2023-12-12 15:09:17
1082003,01,610527,Sealbag-automaat,Available,False,2023-12-12 15:09:18
1082003,02,813080,Geld storten en opnemen,Available,True,2023-12-12 15:09:18
1082003,03,811914,Geld storten en opnemen,Unavailable,True,2023-12-12 15:09:18
1083001,01,910210,Geldautomaat,Available,False,2023-12-12 15:09:19
1087002,01,912762,Geldautomaat,Available,False,2023-12-12 15:09:19
1087003,01,810035,Geld storten en opnemen,Available,True,2023-12-12 15:09:20
1087005,01,812823,Geld storten en opnemen,Available,True,2023-12-12 15:09:20
1091002,01,914668,Geldautomaat,Available,False,2023-12-12 15:09:21
1091003,01,910289,Geldautomaat,Available,False,2023-12-12 15:09:21
1091004,01,913114,Geldautomaat,Available,False,2023-12-12 15:09:21
1091007,01,813004,Geld storten en opnemen,Available,True,2023-12-12 15:09:22
1092001,01,910199,Geldautomaat,Available,False,2023-12-12 15:09:22
1093001,01,912555,Geldautomaat,Available,False,2023-12-12 15:09:23
1093003,01,912557,Geldautomaat,Available,False,2023-12-12 15:09:23
1093004,01,910204,Geldautomaat,Available,False,2023-12-12 15:09:24
1093008,01,811455,Geld storten en opnemen,Unavailable,False,2023-12-12 15:09:24
1093009,01,810680,Geld storten en opnemen,Available,True,2023-12-12 15:09:25
1093011,01,813054,Geld storten en opnemen,Available,True,2023-12-12 15:09:25
1093011,02,914887,Geldautomaat,Available,False,2023-12-12 15:09:25
1093011,03,611484,Sealbag-automaat,Available,False,2023-12-12 15:09:25
1093012,01,813055,Geld storten en opnemen,Available,True,2023-12-12 15:09:26
1093012,02,813058,Geld storten en opnemen,Available,True,2023-12-12 15:09:26
1093012,03,813056,Geld storten en opnemen,Available,True,2023-12-12 15:09:26
1093012,04,813059,Geld storten en opnemen,Available,True,2023-12-12 15:09:26
1093012,05,813057,Geld storten en opnemen,Available,True,2023-12-12 15:09:26
1094001,01,610026,Sealbag-automaat,Available,False,2023-12-12 15:09:26
1094001,02,810090,Geld storten en opnemen,Available,True,2023-12-12 15:09:26
1094002,01,911465,Geldautomaat,Available,False,2023-12-12 15:09:26
1094003,01,910217,Geldautomaat,Available,False,2023-12-12 15:09:27
1094003,02,910216,Geldautomaat,Unavailable,False,2023-12-12 15:09:27
1094009,01,812372,Geld storten en opnemen,Available,True,2023-12-12 15:09:27
1095001,01,911466,Geldautomaat,Available,False,2023-12-12 15:09:28
1098001,01,912550,Geldautomaat,Available,False,2023-12-12 15:09:28
1098002,01,910928,Geldautomaat,Available,False,2023-12-12 15:09:29
1098003,01,912603,Geldautomaat,Available,False,2023-12-12 15:09:29
1102003,01,912019,Geldautomaat,Available,False,2023-12-12 15:09:30
1102009,01,811398,Geld storten en opnemen,Available,True,2023-12-12 15:09:30
1102010,01,811632,Geld storten en opnemen,Available,True,2023-12-12 15:09:31
1103001,01,910292,Geldautomaat,Available,False,2023-12-12 15:09:31
1103002,01,910301,Geldautomaat,Available,False,2023-12-12 15:09:31
1103003,01,812263,Geld storten en opnemen,Available,True,2023-12-12 15:09:32
1104001,01,811439,Geld storten en opnemen,Available,True,2023-12-12 15:09:32
1104002,01,912741,Geldautomaat,Available,False,2023-12-12 15:09:33
1104003,01,912739,Geldautomaat,Available,False,2023-12-12 15:09:33
1104003,02,912740,Geldautomaat,Available,False,2023-12-12 15:09:33
1105002,01,812129,Geld storten en opnemen,Available,True,2023-12-12 15:09:34
1106001,01,812666,Geld storten en opnemen,Available,True,2023-12-12 15:09:34
1106001,02,913974,Geldautomaat,Available,False,2023-12-12 15:09:34
1106004,01,910008,Geldautomaat,Available,False,2023-12-12 15:09:35
1106013,01,914845,Geldautomaat,Available,False,2023-12-12 15:09:35
1106013,02,812297,Geld storten en opnemen,Unavailable,False,2023-12-12 15:09:35
1106013,03,812298,Geld storten en opnemen,Available,True,2023-12-12 15:09:35
1111001,01,912251,Geldautomaat,Available,False,2023-12-12 15:09:36
1111006,01,810473,Geld storten en opnemen,Available,True,2023-12-12 15:09:36
1111007,01,810474,Geld storten en opnemen,Available,True,2023-12-12 15:09:37
1112004,01,813067,Geld storten en opnemen,Available,True,2023-12-12 15:09:37
1115001,01,920230,Geldautomaat,Available,False,2023-12-12 15:09:38
1121001,01,610006,Sealbag-automaat,Available,False,2023-12-12 15:09:39
1121001,02,810063,Geld storten en opnemen,Available,True,2023-12-12 15:09:39
1121003,01,811336,Geld storten en opnemen,Available,True,2023-12-12 15:09:39
1121005,01,914773,Geldautomaat,Available,False,2023-12-12 15:09:40
1131001,01,810614,Geld storten en opnemen,Available,True,2023-12-12 15:09:40
1131001,02,913909,Geldautomaat,Available,False,2023-12-12 15:09:40
1131001,03,610492,Sealbag-automaat,Available,False,2023-12-12 15:09:40
1131002,01,910378,Geldautomaat,Available,False,2023-12-12 15:09:40
1131004,01,811593,Geld storten en opnemen,Available,False,2023-12-12 15:09:41
1131005,01,914811,Geldautomaat,Available,False,2023-12-12 15:09:41
1132002,01,913997,Geldautomaat,Available,False,2023-12-12 15:09:42
1132003,01,914758,Geldautomaat,Available,False,2023-12-12 15:09:42
1135002,01,913600,Geldautomaat,Available,False,2023-12-12 15:09:43
1135003,01,914778,Geldautomaat,Available,False,2023-12-12 15:09:43
1141001,01,910316,Geldautomaat,Available,False,2023-12-12 15:09:43
1141002,01,920235,Geldautomaat,Available,False,2023-12-12 15:09:44
1141002,02,610027,Sealbag-automaat,Available,False,2023-12-12 15:09:44
1141003,01,914785,Geldautomaat,Available,False,2023-12-12 15:09:44
1151001,01,910034,Geldautomaat,Available,False,2023-12-12 15:09:45
1156001,01,920245,Geldautomaat,Available,False,2023-12-12 15:09:45
1161001,01,912541,Geldautomaat,Available,False,2023-12-12 15:09:46
1161002,01,811387,Geld storten en opnemen,Available,True,2023-12-12 15:09:46
1171001,01,610072,Sealbag-automaat,Available,False,2023-12-12 15:09:47
1171001,02,810136,Geld storten en opnemen,Available,True,2023-12-12 15:09:47
1171002,01,911569,Geldautomaat,Available,False,2023-12-12 15:09:47
1171004,01,811488,Geld storten en opnemen,Available,True,2023-12-12 15:09:47
1181001,01,910207,Geldautomaat,Available,False,2023-12-12 15:09:48
1181002,01,912197,Geldautomaat,Available,False,2023-12-12 15:09:48
1181003,01,910310,Geldautomaat,Available,False,2023-12-12 15:09:49
1181006,01,812361,Geld storten en opnemen,Unavailable,False,2023-12-12 15:09:49
1181006,02,611313,Sealbag-automaat,Available,False,2023-12-12 15:09:49
1182001,01,910211,Geldautomaat,Available,False,2023-12-12 15:09:50
1183001,01,811264,Geld storten en opnemen,Available,True,2023-12-12 15:09:50
1183002,01,912773,Geldautomaat,Available,False,2023-12-12 15:09:51
1183003,01,912772,Geldautomaat,Available,False,2023-12-12 15:09:51
1185001,01,910303,Geldautomaat,Available,False,2023-12-12 15:09:52
1185004,01,914890,Geldautomaat,Available,False,2023-12-12 15:09:52
1185004,02,811627,Geld storten en opnemen,Available,True,2023-12-12 15:09:52
1186003,01,911911,Geldautomaat,Available,False,2023-12-12 15:09:52
1187001,01,911547,Geldautomaat,Available,False,2023-12-12 15:09:53
1187002,01,911548,Geldautomaat,Available,False,2023-12-12 15:09:54
1188001,01,910309,Geldautomaat,Available,False,2023-12-12 15:09:54
1188002,01,812699,Geld storten en opnemen,Available,True,2023-12-12 15:09:55
1211001,01,912333,Geldautomaat,Available,False,2023-12-12 15:09:55
1211006,01,810523,Geld storten en opnemen,Available,True,2023-12-12 15:09:56
1211007,01,920219,Geldautomaat,Available,False,2023-12-12 15:09:56
1211007,02,611423,Sealbag-automaat,Available,False,2023-12-12 15:09:56
1211008,01,812747,Geld storten en opnemen,Available,True,2023-12-12 15:09:57
1211008,02,812744,Geld storten en opnemen,Unavailable,False,2023-12-12 15:09:57
1211008,03,812746,Geld storten en opnemen,Available,True,2023-12-12 15:09:57
1211008,04,812743,Geld storten en opnemen,Available,True,2023-12-12 15:09:57
1211008,05,812745,Geld storten en opnemen,Available,True,2023-12-12 15:09:57
1212001,01,910111,Geldautomaat,Available,False,2023-12-12 15:09:57
1214002,01,811229,Geld storten en opnemen,Available,True,2023-12-12 15:09:58
1214003,01,912750,Geldautomaat,Available,False,2023-12-12 15:09:58
1214003,02,610608,Sealbag-automaat,Available,False,2023-12-12 15:09:58
1215001,01,911013,Geldautomaat,Available,False,2023-12-12 15:09:59
1216001,01,911014,Geldautomaat,Available,False,2023-12-12 15:09:59
1216002,01,812635,Geld storten en opnemen,Available,True,2023-12-12 15:09:59
1218001,01,911275,Geldautomaat,Available,False,2023-12-12 15:10:00
1221001,01,811298,Geld storten en opnemen,Available,True,2023-12-12 15:10:00
1223001,01,912801,Geldautomaat,Available,False,2023-12-12 15:10:01
1223002,01,912802,Geldautomaat,Unavailable,False,2023-12-12 15:10:01
1223003,01,812661,Geld storten en opnemen,Available,True,2023-12-12 15:10:02
1231001,01,610135,Sealbag-automaat,Available,False,2023-12-12 15:10:02
1231001,02,920310,Geldautomaat,Available,False,2023-12-12 15:10:02
1231003,01,914032,Geldautomaat,Available,False,2023-12-12 15:10:03
1241001,01,911350,Geldautomaat,Available,False,2023-12-12 15:10:03
1241002,01,920232,Geldautomaat,Available,False,2023-12-12 15:10:04
1251001,01,911463,Geldautomaat,Available,False,2023-12-12 15:10:04
1251002,01,610025,Sealbag-automaat,Available,False,2023-12-12 15:10:04
1251002,02,913612,Geldautomaat,Available,False,2023-12-12 15:10:04
1261002,01,911348,Geldautomaat,Available,False,2023-12-12 15:10:05
1261003,01,910106,Geldautomaat,Available,False,2023-12-12 15:10:06
1271001,01,912357,Geldautomaat,Available,False,2023-12-12 15:10:06
1271004,01,611106,Sealbag-automaat,Available,False,2023-12-12 15:10:07
1271005,01,811540,Geld storten en opnemen,Available,True,2023-12-12 15:10:07
1273003,01,913661,Geldautomaat,Available,False,2023-12-12 15:10:07
1274001,01,811279,Geld storten en opnemen,Available,True,2023-12-12 15:10:08
1274002,01,912789,Geldautomaat,Available,False,2023-12-12 15:10:08
1274003,01,912790,Geldautomaat,Available,False,2023-12-12 15:10:09
1311001,01,910003,Geldautomaat,Available,False,2023-12-12 15:10:09
1313001,01,910668,Geldautomaat,Available,False,2023-12-12 15:10:10
1315001,01,912147,Geldautomaat,Available,False,2023-12-12 15:10:10
1315002,01,920126,Geldautomaat,Available,False,2023-12-12 15:10:11
1315003,01,914625,Geldautomaat,Unavailable,False,2023-12-12 15:10:11
1315003,02,914626,Geldautomaat,Available,False,2023-12-12 15:10:11
1315004,01,914059,Geldautomaat,Available,False,2023-12-12 15:10:12
1315008,01,914463,Geldautomaat,Available,False,2023-12-12 15:10:12
1315011,01,811703,Geld storten en opnemen,Available,True,2023-12-12 15:10:12
1315015,01,914842,Geldautomaat,Available,False,2023-12-12 15:10:13
1315015,02,611446,Sealbag-automaat,Available,False,2023-12-12 15:10:13
1315015,03,812847,Geld storten en opnemen,Available,True,2023-12-12 15:10:13
1317001,01,910676,Geldautomaat,Available,False,2023-12-12 15:10:14
1321001,01,910672,Geldautomaat,Available,False,2023-12-12 15:10:14
1323001,01,912146,Geldautomaat,Available,False,2023-12-12 15:10:15
1323002,01,811814,Geld storten en opnemen,Available,True,2023-12-12 15:10:15
1324001,01,910665,Geldautomaat,Available,False,2023-12-12 15:10:15
1325001,01,920411,Geldautomaat,Available,False,2023-12-12 15:10:16
1326001,01,811458,Geld storten en opnemen,Unavailable,True,2023-12-12 15:10:16
1326002,01,912796,Geldautomaat,Available,False,2023-12-12 15:10:17
1326003,01,914777,Geldautomaat,Available,False,2023-12-12 15:10:17
1328001,01,910667,Geldautomaat,Available,False,2023-12-12 15:10:18
1334001,01,610016,Sealbag-automaat,Available,False,2023-12-12 15:10:18
1334001,02,810076,Geld storten en opnemen,Available,True,2023-12-12 15:10:18
1334001,03,810077,Geld storten en opnemen,Available,True,2023-12-12 15:10:18
1334002,01,911442,Geldautomaat,Available,False,2023-12-12 15:10:18
1334003,01,911443,Geldautomaat,Available,False,2023-12-12 15:10:19
1334004,01,920439,Geldautomaat,Available,False,2023-12-12 15:10:19
1334006,01,811477,Geld storten en opnemen,Available,True,2023-12-12 15:10:20
1334007,01,812650,Geld storten en opnemen,Available,True,2023-12-12 15:10:20
1335001,01,910669,Geldautomaat,Available,False,2023-12-12 15:10:21
1349001,01,914852,Geldautomaat,Available,False,2023-12-12 15:10:21
1354001,01,810092,Geld storten en opnemen,Available,True,2023-12-12 15:10:22
1354002,01,911473,Geldautomaat,Available,False,2023-12-12 15:10:22
1355001,01,910670,Geldautomaat,Available,False,2023-12-12 15:10:23
1359001,01,910671,Geldautomaat,Available,False,2023-12-12 15:10:23
1363001,01,910700,Geldautomaat,Available,False,2023-12-12 15:10:23
1363002,01,910701,Geldautomaat,Available,False,2023-12-12 15:10:24
1381001,01,912500,Geldautomaat,Available,False,2023-12-12 15:10:24
1382001,01,910709,Geldautomaat,Available,False,2023-12-12 15:10:25
1382004,01,810646,Geld storten en opnemen,Available,True,2023-12-12 15:10:25
1391001,01,911445,Geldautomaat,Available,False,2023-12-12 15:10:26
1391003,01,811725,Geld storten en opnemen,Unavailable,True,2023-12-12 15:10:26
1394001,01,910686,Geldautomaat,Available,False,2023-12-12 15:10:27
1398001,01,910685,Geldautomaat,Available,False,2023-12-12 15:10:27
1398002,01,910728,Geldautomaat,Available,False,2023-12-12 15:10:27
1403002,01,910172,Geldautomaat,Available,False,2023-12-12 15:10:28
1404001,01,912224,Geldautomaat,Available,False,2023-12-12 15:10:29
1404008,01,811891,Geld storten en opnemen,Available,True,2023-12-12 15:10:30
1404009,01,813066,Geld storten en opnemen,Available,True,2023-12-12 15:10:30
1411001,01,910163,Geldautomaat,Available,False,2023-12-12 15:10:31
1411002,01,910164,Geldautomaat,Available,False,2023-12-12 15:10:31
1421001,01,910166,Geldautomaat,Available,False,2023-12-12 15:10:31
1422001,01,810072,Geld storten en opnemen,Available,True,2023-12-12 15:10:32
1422001,02,611236,Sealbag-automaat,Available,False,2023-12-12 15:10:32
1422002,01,911431,Geldautomaat,Available,False,2023-12-12 15:10:32
1431002,01,911507,Geldautomaat,Available,False,2023-12-12 15:10:33
1431003,01,610048,Sealbag-automaat,Available,False,2023-12-12 15:10:33
1431003,02,913238,Geldautomaat,Available,False,2023-12-12 15:10:33
1432001,01,910176,Geldautomaat,Available,False,2023-12-12 15:10:34
1432003,01,812687,Geld storten en opnemen,Available,True,2023-12-12 15:10:34
1433003,01,914040,Geldautomaat,Available,False,2023-12-12 15:10:35
1435001,01,920001,Geldautomaat,Available,False,2023-12-12 15:10:35
1441001,01,912426,Geldautomaat,Available,False,2023-12-12 15:10:35
1441002,01,910409,Geldautomaat,Available,False,2023-12-12 15:10:36
1441003,01,920061,Geldautomaat,Available,False,2023-12-12 15:10:36
1441005,01,811936,Geld storten en opnemen,Available,True,2023-12-12 15:10:37
1441005,02,914327,Geldautomaat,Available,False,2023-12-12 15:10:37
1441005,03,611247,Sealbag-automaat,Available,False,2023-12-12 15:10:37
1441009,01,811564,Geld storten en opnemen,Available,True,2023-12-12 15:10:37
1441010,01,812253,Geld storten en opnemen,Available,True,2023-12-12 15:10:38
1442001,01,910417,Geldautomaat,Available,False,2023-12-12 15:10:38
1442003,01,812142,Geld storten en opnemen,Available,True,2023-12-12 15:10:39
1443001,01,920223,Geldautomaat,Available,False,2023-12-12 15:10:39
1443002,01,910477,Geldautomaat,Available,False,2023-12-12 15:10:40
1443003,01,914809,Geldautomaat,Available,False,2023-12-12 15:10:40
1444002,01,812132,Geld storten en opnemen,Available,True,2023-12-12 15:10:40
1445002,01,811243,Geld storten en opnemen,Available,True,2023-12-12 15:10:41
1445003,01,912752,Geldautomaat,Available,False,2023-12-12 15:10:41
1447003,01,914801,Geldautomaat,Available,False,2023-12-12 15:10:42
1448002,01,811312,Geld storten en opnemen,Available,True,2023-12-12 15:10:42
1448003,01,914772,Geldautomaat,Available,False,2023-12-12 15:10:43
1448004,01,920432,Geldautomaat,Available,False,2023-12-12 15:10:43
1452001,01,930006,Geldautomaat,Available,False,2023-12-12 15:10:43
1462001,01,910414,Geldautomaat,Available,False,2023-12-12 15:10:44
1474001,01,913735,Geldautomaat,Available,False,2023-12-12 15:10:44
1483001,01,810123,Geld storten en opnemen,Available,True,2023-12-12 15:10:45
1483002,01,911537,Geldautomaat,Available,False,2023-12-12 15:10:45
1483002,02,610061,Sealbag-automaat,Available,False,2023-12-12 15:10:45
1502001,01,910311,Geldautomaat,Unavailable,False,2023-12-12 15:10:46
1503001,01,910314,Geldautomaat,Available,False,2023-12-12 15:10:46
1503003,01,910379,Geldautomaat,Available,False,2023-12-12 15:10:46
1503006,01,812685,Geld storten en opnemen,Available,True,2023-12-12 15:10:47
1506001,01,912522,Geldautomaat,Available,False,2023-12-12 15:10:47
1506002,01,912523,Geldautomaat,Available,False,2023-12-12 15:10:48
1506003,01,920062,Geldautomaat,Available,False,2023-12-12 15:10:48
1506009,01,811602,Geld storten en opnemen,Available,True,2023-12-12 15:10:49
1506013,01,812703,Geld storten en opnemen,Available,True,2023-12-12 15:10:49
1506014,01,914879,Geldautomaat,Available,False,2023-12-12 15:10:49
1506014,02,611474,Sealbag-automaat,Available,False,2023-12-12 15:10:49
1506014,03,813018,Geld storten en opnemen,Unavailable,False,2023-12-12 15:10:49
1506015,01,813022,Geld storten en opnemen,Unavailable,True,2023-12-12 15:10:50
1506015,02,813020,Geld storten en opnemen,Available,True,2023-12-12 15:10:50
1506015,03,813023,Geld storten en opnemen,Available,True,2023-12-12 15:10:50
1506015,04,813021,Geld storten en opnemen,Available,True,2023-12-12 15:10:50
1506015,05,813019,Geld storten en opnemen,Available,True,2023-12-12 15:10:50
1507001,01,910407,Geldautomaat,Available,False,2023-12-12 15:10:50
1507002,01,914800,Geldautomaat,Available,False,2023-12-12 15:10:51
1509001,01,910394,Geldautomaat,Available,False,2023-12-12 15:10:51
1509002,01,920406,Geldautomaat,Available,False,2023-12-12 15:10:52
1511001,01,910411,Geldautomaat,Available,False,2023-12-12 15:10:52
1511003,01,812424,Geld storten en opnemen,Available,True,2023-12-12 15:10:52
1521001,01,810018,Geld storten en opnemen,Available,True,2023-12-12 15:10:53
1521002,01,911386,Geldautomaat,Available,False,2023-12-12 15:10:53
1521003,01,813075,Geld storten en opnemen,Available,True,2023-12-12 15:10:54
1531001,01,910401,Geldautomaat,Available,False,2023-12-12 15:10:54
1541001,01,910400,Geldautomaat,Available,False,2023-12-12 15:10:55
1541002,01,811672,Geld storten en opnemen,Available,True,2023-12-12 15:10:55
1541003,01,912827,Geldautomaat,Available,False,2023-12-12 15:10:56
1541004,01,812789,Geld storten en opnemen,Available,True,2023-12-12 15:10:56
1544001,01,810030,Geld storten en opnemen,Available,True,2023-12-12 15:10:56
1544003,01,910398,Geldautomaat,Available,False,2023-12-12 15:10:57
1561001,01,910416,Geldautomaat,Available,False,2023-12-12 15:10:57
1561004,01,811544,Geld storten en opnemen,Available,True,2023-12-12 15:10:58
1561005,01,812324,Geld storten en opnemen,Available,True,2023-12-12 15:10:58
1566001,01,911900,Geldautomaat,Available,False,2023-12-12 15:10:59
1566001,02,610240,Sealbag-automaat,Available,False,2023-12-12 15:10:59
1566002,01,914814,Geldautomaat,Available,False,2023-12-12 15:10:59
1567001,01,912663,Geldautomaat,Available,False,2023-12-12 15:10:59
1567002,01,811069,Geld storten en opnemen,Available,True,2023-12-12 15:11:00
1567003,01,913043,Geldautomaat,Available,False,2023-12-12 15:11:00
1601002,01,911454,Geldautomaat,Available,False,2023-12-12 15:11:01
1601003,01,920241,Geldautomaat,Available,False,2023-12-12 15:11:01
1601003,02,611312,Sealbag-automaat,Available,False,2023-12-12 15:11:01
1601005,01,811263,Geld storten en opnemen,Available,True,2023-12-12 15:11:02
1602002,01,920240,Geldautomaat,Available,False,2023-12-12 15:11:02
1606001,01,920325,Geldautomaat,Available,False,2023-12-12 15:11:03
1611001,01,912223,Geldautomaat,Available,False,2023-12-12 15:11:03
1611002,01,811087,Geld storten en opnemen,Available,True,2023-12-12 15:11:03
1611004,01,914779,Geldautomaat,Available,False,2023-12-12 15:11:04
1614001,01,920035,Geldautomaat,Available,False,2023-12-12 15:11:04
1616002,01,910487,Geldautomaat,Available,False,2023-12-12 15:11:05
1616003,01,920268,Geldautomaat,Available,False,2023-12-12 15:11:05
1619001,01,811742,Geld storten en opnemen,Available,True,2023-12-12 15:11:06
1621001,01,813140,Geld storten en opnemen,Available,True,2023-12-12 15:11:06
1622001,01,913950,Geldautomaat,Available,False,2023-12-12 15:11:07
1624001,01,912339,Geldautomaat,Available,False,2023-12-12 15:11:07
1624002,01,920068,Geldautomaat,Available,False,2023-12-12 15:11:08
1625001,01,610528,Sealbag-automaat,Available,False,2023-12-12 15:11:08
1625001,02,810682,Geld storten en opnemen,Available,True,2023-12-12 15:11:08
1625002,01,913805,Geldautomaat,Available,False,2023-12-12 15:11:08
1625002,02,811786,Geld storten en opnemen,Available,False,2023-12-12 15:11:08
1625004,01,914822,Geldautomaat,Available,False,2023-12-12 15:11:09
1628002,01,912744,Geldautomaat,Available,False,2023-12-12 15:11:09
1628003,01,811879,Geld storten en opnemen,Available,True,2023-12-12 15:11:10
1628004,01,914757,Geldautomaat,Available,False,2023-12-12 15:11:10
1628005,01,914803,Geldautomaat,Available,False,2023-12-12 15:11:11
1633001,01,914775,Geldautomaat,Available,False,2023-12-12 15:11:11
1636001,01,920153,Geldautomaat,Available,False,2023-12-12 15:11:12
1645001,01,920181,Geldautomaat,Available,False,2023-12-12 15:11:12
1648001,01,610699,Sealbag-automaat,Available,False,2023-12-12 15:11:12
1648001,02,913118,Geldautomaat,Available,False,2023-12-12 15:11:12
1657001,01,920069,Geldautomaat,Available,False,2023-12-12 15:11:13
1671001,01,810193,Geld storten en opnemen,Available,True,2023-12-12 15:11:13
1671001,02,914085,Geldautomaat,Available,False,2023-12-12 15:11:13
1671001,03,610141,Sealbag-automaat,Available,False,2023-12-12 15:11:13
1671002,01,910631,Geldautomaat,Available,False,2023-12-12 15:11:14
1671005,01,812177,Geld storten en opnemen,Available,True,2023-12-12 15:11:14
1687001,01,920269,Geldautomaat,Available,False,2023-12-12 15:11:15
1687002,01,914807,Geldautomaat,Available,False,2023-12-12 15:11:15
1689001,01,910607,Geldautomaat,Available,False,2023-12-12 15:11:16
1689003,01,914776,Geldautomaat,Available,False,2023-12-12 15:11:16
1689004,01,914786,Geldautomaat,Available,False,2023-12-12 15:11:17
1693001,01,911855,Geldautomaat,Available,False,2023-12-12 15:11:17
1693001,02,610220,Sealbag-automaat,Available,False,2023-12-12 15:11:17
1693002,01,914784,Geldautomaat,Available,False,2023-12-12 15:11:18
1695002,01,812087,Geld storten en opnemen,Available,True,2023-12-12 15:11:18
1701002,01,812981,Geld storten en opnemen,Available,True,2023-12-12 15:11:19
1703001,01,610965,Sealbag-automaat,Available,False,2023-12-12 15:11:19
1703001,02,810497,Geld storten en opnemen,Available,True,2023-12-12 15:11:19
1703001,03,810498,Geld storten en opnemen,Available,False,2023-12-12 15:11:19
1703002,01,912310,Geldautomaat,Available,False,2023-12-12 15:11:19
1703003,01,812668,Geld storten en opnemen,Available,True,2023-12-12 15:11:20
1703003,02,810351,Geld storten en opnemen,Available,False,2023-12-12 15:11:20
1703007,01,811527,Geld storten en opnemen,Available,True,2023-12-12 15:11:20
1703008,01,812604,Geld storten en opnemen,Available,True,2023-12-12 15:11:21
1703009,01,812723,Geld storten en opnemen,Available,True,2023-12-12 15:11:21
1704001,01,910620,Geldautomaat,Available,False,2023-12-12 15:11:22
1704003,01,910495,Geldautomaat,Available,False,2023-12-12 15:11:22
1705001,01,910498,Geldautomaat,Unavailable,False,2023-12-12 15:11:22
1713002,01,914804,Geldautomaat,Available,False,2023-12-12 15:11:23
1715001,01,811363,Geld storten en opnemen,Available,True,2023-12-12 15:11:23
1715004,01,914783,Geldautomaat,Available,False,2023-12-12 15:11:24
1718001,01,920011,Geldautomaat,Available,False,2023-12-12 15:11:24
1721001,01,920303,Geldautomaat,Available,False,2023-12-12 15:11:25
1723002,01,811158,Geld storten en opnemen,Available,True,2023-12-12 15:11:25
1723006,01,914820,Geldautomaat,Available,False,2023-12-12 15:11:26
1723007,01,914882,Geldautomaat,Available,False,2023-12-12 15:11:26
1723007,02,611477,Sealbag-automaat,Available,False,2023-12-12 15:11:26
1733002,01,611486,Sealbag-automaat,Available,False,2023-12-12 15:11:27
1733003,01,813017,Geld storten en opnemen,Available,True,2023-12-12 15:11:27
1735001,01,920013,Geldautomaat,Available,False,2023-12-12 15:11:27
1738001,01,920335,Geldautomaat,Available,False,2023-12-12 15:11:28
1741005,01,812050,Geld storten en opnemen,Available,True,2023-12-12 15:11:28
1741007,01,611199,Sealbag-automaat,Available,False,2023-12-12 15:11:29
1741007,02,812818,Geld storten en opnemen,Available,True,2023-12-12 15:11:29
1741009,01,912432,Geldautomaat,Available,False,2023-12-12 15:11:29
1746001,01,920009,Geldautomaat,Available,False,2023-12-12 15:11:30
1747002,01,912716,Geldautomaat,Available,False,2023-12-12 15:11:30
1747003,01,812398,Geld storten en opnemen,Available,True,2023-12-12 15:11:31
1749001,01,911849,Geldautomaat,Available,False,2023-12-12 15:11:31
1749002,01,610211,Sealbag-automaat,Available,False,2023-12-12 15:11:31
1749002,02,920443,Geldautomaat,Available,False,2023-12-12 15:11:31
1755001,01,920111,Geldautomaat,Available,False,2023-12-12 15:11:32
1756001,01,920010,Geldautomaat,Available,False,2023-12-12 15:11:32
1759001,01,910682,Geldautomaat,Available,False,2023-12-12 15:11:33
1761003,01,914802,Geldautomaat,Available,False,2023-12-12 15:11:34
1761004,01,812381,Geld storten en opnemen,Available,True,2023-12-12 15:11:34
1764001,01,910677,Geldautomaat,Available,False,2023-12-12 15:11:35
1771001,01,810274,Geld storten en opnemen,Available,False,2023-12-12 15:11:35
1771003,01,811377,Geld storten en opnemen,Available,True,2023-12-12 15:11:36
1771004,01,914810,Geldautomaat,Available,False,2023-12-12 15:11:36
1775001,01,910730,Geldautomaat,Available,False,2023-12-12 15:11:37
1777001,01,810002,Geld storten en opnemen,Available,True,2023-12-12 15:11:37
1779001,01,910694,Geldautomaat,Available,False,2023-12-12 15:11:37
1781001,01,811887,Geld storten en opnemen,Available,True,2023-12-12 15:11:38
1781002,01,912247,Geldautomaat,Available,False,2023-12-12 15:11:38
1781004,01,910693,Geldautomaat,Unavailable,False,2023-12-12 15:11:39
1781009,01,811503,Geld storten en opnemen,Unavailable,False,2023-12-12 15:11:39
1784001,01,920410,Geldautomaat,Available,False,2023-12-12 15:11:40
1784002,01,910727,Geldautomaat,Available,False,2023-12-12 15:11:40
1784003,01,812537,Geld storten en opnemen,Available,True,2023-12-12 15:11:41
1785002,01,911889,Geldautomaat,Available,False,2023-12-12 15:11:41
1785004,01,811674,Geld storten en opnemen,Available,False,2023-12-12 15:11:41
1785005,01,812697,Geld storten en opnemen,Available,True,2023-12-12 15:11:42
1787001,01,913927,Geldautomaat,Available,False,2023-12-12 15:11:42
1787002,01,911691,Geldautomaat,Available,False,2023-12-12 15:11:43
1787002,02,610128,Sealbag-automaat,Available,False,2023-12-12 15:11:43
1787003,01,920113,Geldautomaat,Available,False,2023-12-12 15:11:43
1787004,01,812526,Geld storten en opnemen,Available,True,2023-12-12 15:11:44
1787005,01,914824,Geldautomaat,Available,False,2023-12-12 15:11:44
1788001,01,810853,Geld storten en opnemen,Available,True,2023-12-12 15:11:45
1788005,01,914624,Geldautomaat,Available,False,2023-12-12 15:11:45
1791002,01,912245,Geldautomaat,Available,False,2023-12-12 15:11:46
1791004,01,914620,Geldautomaat,Available,False,2023-12-12 15:11:46
1791004,02,610799,Sealbag-automaat,Available,False,2023-12-12 15:11:46
1791005,01,812543,Geld storten en opnemen,Available,True,2023-12-12 15:11:46
1794002,01,812105,Geld storten en opnemen,Available,True,2023-12-12 15:11:47
1796001,01,920251,Geldautomaat,Available,False,2023-12-12 15:11:47
1796002,01,812217,Geld storten en opnemen,Available,True,2023-12-12 15:11:48
1811002,01,912188,Geldautomaat,Available,False,2023-12-12 15:11:48
1811003,01,912189,Geldautomaat,Available,False,2023-12-12 15:11:49
1811005,01,920330,Geldautomaat,Available,False,2023-12-12 15:11:49
1811005,02,611167,Sealbag-automaat,Available,False,2023-12-12 15:11:49
1813002,01,910704,Geldautomaat,Available,False,2023-12-12 15:11:50
1814002,01,910833,Geldautomaat,Available,False,2023-12-12 15:11:50
1814003,01,911549,Geldautomaat,Available,False,2023-12-12 15:11:51
1816001,01,911879,Geldautomaat,Available,False,2023-12-12 15:11:51
1816002,01,911880,Geldautomaat,Available,False,2023-12-12 15:11:52
1823001,01,910816,Geldautomaat,Available,False,2023-12-12 15:11:52
1823002,01,810421,Geld storten en opnemen,Available,True,2023-12-12 15:11:52
1823002,02,812029,Geld storten en opnemen,Available,True,2023-12-12 15:11:52
1823003,01,914770,Geldautomaat,Available,False,2023-12-12 15:11:53
1824001,01,610267,Sealbag-automaat,Available,False,2023-12-12 15:11:53
1824001,02,911963,Geldautomaat,Available,False,2023-12-12 15:11:53
1825001,01,810684,Geld storten en opnemen,Available,True,2023-12-12 15:11:54
1825001,02,810683,Geld storten en opnemen,Available,False,2023-12-12 15:11:54
1825002,01,912567,Geldautomaat,Available,False,2023-12-12 15:11:54
1825005,01,912583,Geldautomaat,Available,False,2023-12-12 15:11:55
1825006,01,812632,Geld storten en opnemen,Available,True,2023-12-12 15:11:55
1827002,01,910778,Geldautomaat,Available,False,2023-12-12 15:11:56
1829001,01,910770,Geldautomaat,Available,False,2023-12-12 15:11:56
1834002,01,813051,Geld storten en opnemen,Available,True,2023-12-12 15:11:57
1841001,01,910419,Geldautomaat,Available,False,2023-12-12 15:11:57
1841003,01,812977,Geld storten en opnemen,Available,True,2023-12-12 15:11:58
1851001,01,610122,Sealbag-automaat,Available,False,2023-12-12 15:11:58
1851002,01,911678,Geldautomaat,Available,False,2023-12-12 15:11:59
1851003,01,910796,Geldautomaat,Available,False,2023-12-12 15:11:59
1852001,01,910797,Geldautomaat,Available,False,2023-12-12 15:11:59
1861001,01,810441,Geld storten en opnemen,Available,True,2023-12-12 15:12:00
1861001,02,914172,Geldautomaat,Available,False,2023-12-12 15:12:00
1861001,03,610368,Sealbag-automaat,Available,False,2023-12-12 15:12:00
1861002,01,912215,Geldautomaat,Available,False,2023-12-12 15:12:00
1871002,01,811819,Geld storten en opnemen,Available,True,2023-12-12 15:12:01
1901001,01,910754,Geldautomaat,Available,False,2023-12-12 15:12:01
1901005,01,812169,Geld storten en opnemen,Available,True,2023-12-12 15:12:02
1902001,01,910793,Geldautomaat,Available,False,2023-12-12 15:12:02
1902002,01,812892,Geld storten en opnemen,Available,False,2023-12-12 15:12:03
1902002,02,611450,Sealbag-automaat,Available,False,2023-12-12 15:12:03
1902002,03,920287,Geldautomaat,Available,False,2023-12-12 15:12:03
1902004,01,811095,Geld storten en opnemen,Available,True,2023-12-12 15:12:03
1906001,01,910764,Geldautomaat,Available,False,2023-12-12 15:12:04
1906002,01,910765,Geldautomaat,Available,False,2023-12-12 15:12:04
1921001,01,910755,Geldautomaat,Available,False,2023-12-12 15:12:05
1921002,01,914806,Geldautomaat,Available,False,2023-12-12 15:12:05
1931001,01,914791,Geldautomaat,Available,False,2023-12-12 15:12:06
1931002,01,811113,Geld storten en opnemen,Unavailable,True,2023-12-12 15:12:06
1931003,01,912684,Geldautomaat,Available,False,2023-12-12 15:12:06
1934001,01,910760,Geldautomaat,Available,False,2023-12-12 15:12:07
1935001,01,910848,Geldautomaat,Available,False,2023-12-12 15:12:07
1941001,01,912218,Geldautomaat,Available,False,2023-12-12 15:12:08
1941005,01,810448,Geld storten en opnemen,Available,True,2023-12-12 15:12:08
1941006,01,810449,Geld storten en opnemen,Available,True,2023-12-12 15:12:09
1943001,01,910897,Geldautomaat,Available,False,2023-12-12 15:12:09
1945001,01,910835,Geldautomaat,Available,False,2023-12-12 15:12:09
1945002,01,910836,Geldautomaat,Available,False,2023-12-12 15:12:10
1945003,01,812596,Geld storten en opnemen,Available,True,2023-12-12 15:12:10
1947001,01,812926,Geld storten en opnemen,Available,True,2023-12-12 15:12:11
1948001,01,910049,Geldautomaat,Available,False,2023-12-12 15:12:11
1948002,01,910048,Geldautomaat,Available,False,2023-12-12 15:12:12
1948003,01,920119,Geldautomaat,Available,False,2023-12-12 15:12:12
1948003,02,920118,Geldautomaat,Available,False,2023-12-12 15:12:12
1948005,01,913864,Geldautomaat,Available,False,2023-12-12 15:12:13
1948006,01,912985,Geldautomaat,Available,False,2023-12-12 15:12:13
1948006,02,912984,Geldautomaat,Unavailable,False,2023-12-12 15:12:13
1949001,01,920002,Geldautomaat,Available,False,2023-12-12 15:12:14
1951001,01,920054,Geldautomaat,Available,False,2023-12-12 15:12:14
1961001,01,810496,Geld storten en opnemen,Available,True,2023-12-12 15:12:14
1961001,02,610408,Sealbag-automaat,Available,False,2023-12-12 15:12:14
1961001,03,810495,Geld storten en opnemen,Available,True,2023-12-12 15:12:14
1961002,01,912306,Geldautomaat,Available,False,2023-12-12 15:12:15
1961005,01,811524,Geld storten en opnemen,Available,True,2023-12-12 15:12:15
1961006,01,812299,Geld storten en opnemen,Available,True,2023-12-12 15:12:16
1962001,01,812797,Geld storten en opnemen,Available,True,2023-12-12 15:12:16
1964001,01,910900,Geldautomaat,Available,False,2023-12-12 15:12:17
1966002,01,910867,Geldautomaat,Available,False,2023-12-12 15:12:17
1966004,01,914808,Geldautomaat,Available,False,2023-12-12 15:12:18
1967001,01,914379,Geldautomaat,Unavailable,False,2023-12-12 15:12:18
1967002,01,812533,Geld storten en opnemen,Available,True,2023-12-12 15:12:19
1971001,01,811137,Geld storten en opnemen,Available,False,2023-12-12 15:12:19
1971001,02,610428,Sealbag-automaat,Available,False,2023-12-12 15:12:19
1971002,01,912359,Geldautomaat,Available,False,2023-12-12 15:12:19
1971003,01,912360,Geldautomaat,Available,False,2023-12-12 15:12:20
1972001,01,920272,Geldautomaat,Available,False,2023-12-12 15:12:20
1972004,01,811541,Geld storten en opnemen,Available,True,2023-12-12 15:12:21
1973001,01,910896,Geldautomaat,Available,False,2023-12-12 15:12:21
1973003,01,812991,Geld storten en opnemen,Available,True,2023-12-12 15:12:22
1974001,01,910919,Geldautomaat,Available,False,2023-12-12 15:12:22
1991001,01,810826,Geld storten en opnemen,Available,True,2023-12-12 15:12:23
1991002,01,811374,Geld storten en opnemen,Available,True,2023-12-12 15:12:23
2011002,01,911670,Geldautomaat,Available,False,2023-12-12 15:12:24
2011003,01,911671,Geldautomaat,Available,False,2023-12-12 15:12:24
2011004,01,911673,Geldautomaat,Available,False,2023-12-12 15:12:24
2011004,02,610119,Sealbag-automaat,Available,False,2023-12-12 15:12:24
2011005,01,912578,Geldautomaat,Available,False,2023-12-12 15:12:25
2011008,01,811877,Geld storten en opnemen,Available,True,2023-12-12 15:12:25
2011010,01,930002,Geldautomaat,Available,False,2023-12-12 15:12:26
2011010,02,812963,Geld storten en opnemen,Available,True,2023-12-12 15:12:26
2011010,03,611462,Sealbag-automaat,Available,False,2023-12-12 15:12:26
2011012,01,812968,Geld storten en opnemen,Available,True,2023-12-12 15:12:26
2011012,02,812967,Geld storten en opnemen,Available,True,2023-12-12 15:12:26
2011012,03,812966,Geld storten en opnemen,Available,True,2023-12-12 15:12:26
2011012,04,812964,Geld storten en opnemen,Available,True,2023-12-12 15:12:26
2011012,05,812965,Geld storten en opnemen,Available,True,2023-12-12 15:12:26
2014001,01,910869,Geldautomaat,Available,False,2023-12-12 15:12:27
2015001,01,910922,Geldautomaat,Available,False,2023-12-12 15:12:27
2019001,01,911672,Geldautomaat,Available,False,2023-12-12 15:12:28
2021001,01,811435,Geld storten en opnemen,Available,True,2023-12-12 15:12:28
2021002,01,920405,Geldautomaat,Available,False,2023-12-12 15:12:28
2022001,01,920193,Geldautomaat,Available,False,2023-12-12 15:12:29
2023001,01,810019,Geld storten en opnemen,Available,True,2023-12-12 15:12:29
2024001,01,910901,Geldautomaat,Available,False,2023-12-12 15:12:30
2024002,01,813002,Geld storten en opnemen,Available,True,2023-12-12 15:12:30
2025001,01,911975,Geldautomaat,Available,False,2023-12-12 15:12:31
2026001,01,810324,Geld storten en opnemen,Available,True,2023-12-12 15:12:31
2032001,01,914627,Geldautomaat,Available,False,2023-12-12 15:12:32
2032003,01,812240,Geld storten en opnemen,Available,True,2023-12-12 15:12:32
2033006,01,812409,Geld storten en opnemen,Available,True,2023-12-12 15:12:33
2034001,01,914844,Geldautomaat,Available,False,2023-12-12 15:12:33
2035001,01,910907,Geldautomaat,Available,False,2023-12-12 15:12:33
2037002,01,810307,Geld storten en opnemen,Available,True,2023-12-12 15:12:34
2037002,02,913190,Geldautomaat,Available,False,2023-12-12 15:12:34
2037003,01,610250,Sealbag-automaat,Available,False,2023-12-12 15:12:34
2037003,02,920304,Geldautomaat,Available,False,2023-12-12 15:12:34
2037006,01,914724,Geldautomaat,Available,False,2023-12-12 15:12:35
2042002,01,911862,Geldautomaat,Available,False,2023-12-12 15:12:35
2042004,01,810975,Geld storten en opnemen,Available,True,2023-12-12 15:12:36
2042004,02,810976,Geld storten en opnemen,Unavailable,True,2023-12-12 15:12:36
2042004,03,611159,Sealbag-automaat,Available,False,2023-12-12 15:12:36
2042006,01,811213,Geld storten en opnemen,Available,True,2023-12-12 15:12:36
2042007,01,812532,Geld storten en opnemen,Available,True,2023-12-12 15:12:36
2051002,01,910959,Geldautomaat,Available,False,2023-12-12 15:12:37
2051004,01,811808,Geld storten en opnemen,Available,True,2023-12-12 15:12:37
2061002,01,912221,Geldautomaat,Available,False,2023-12-12 15:12:38
2064001,01,910998,Geldautomaat,Available,False,2023-12-12 15:12:38
2071002,01,811904,Geld storten en opnemen,Available,True,2023-12-12 15:12:39
2101001,01,912307,Geldautomaat,Available,False,2023-12-12 15:12:39
2102001,01,920058,Geldautomaat,Available,False,2023-12-12 15:12:39
2106001,01,911100,Geldautomaat,Available,False,2023-12-12 15:12:40
2121001,01,911021,Geldautomaat,Available,False,2023-12-12 15:12:40
2121002,01,920413,Geldautomaat,Unavailable,False,2023-12-12 15:12:41
2132001,01,810515,Geld storten en opnemen,Available,False,2023-12-12 15:12:41
2132001,02,812602,Geld storten en opnemen,Available,True,2023-12-12 15:12:41
2132001,03,610421,Sealbag-automaat,Available,False,2023-12-12 15:12:41
2132002,01,912335,Geldautomaat,Available,False,2023-12-12 15:12:42
2132003,01,912336,Geldautomaat,Unavailable,False,2023-12-12 15:12:42
2132007,01,812037,Geld storten en opnemen,Available,True,2023-12-12 15:12:42
2132007,02,811535,Geld storten en opnemen,Unavailable,False,2023-12-12 15:12:42
2133001,01,913967,Geldautomaat,Available,False,2023-12-12 15:12:43
2133002,01,910997,Geldautomaat,Available,False,2023-12-12 15:12:43
2134001,01,912571,Geldautomaat,Available,False,2023-12-12 15:12:44
2134003,01,912815,Geldautomaat,Available,False,2023-12-12 15:12:44
2134007,01,812208,Geld storten en opnemen,Available,True,2023-12-12 15:12:45
2135002,01,911092,Geldautomaat,Available,False,2023-12-12 15:12:45
2135003,01,920329,Geldautomaat,Available,False,2023-12-12 15:12:45
2151001,01,910975,Geldautomaat,Available,False,2023-12-12 15:12:46
2151002,01,911059,Geldautomaat,Available,False,2023-12-12 15:12:46
2151003,01,810941,Geld storten en opnemen,Unavailable,False,2023-12-12 15:12:47
2151005,01,811554,Geld storten en opnemen,Available,True,2023-12-12 15:12:47
2153001,01,911721,Geldautomaat,Available,False,2023-12-12 15:12:48
2153001,02,610145,Sealbag-automaat,Available,False,2023-12-12 15:12:48
2161001,01,912383,Geldautomaat,Available,False,2023-12-12 15:12:48
2161002,01,610439,Sealbag-automaat,Available,False,2023-12-12 15:12:48
2161002,02,920339,Geldautomaat,Available,False,2023-12-12 15:12:48
2161004,01,811340,Geld storten en opnemen,Available,True,2023-12-12 15:12:49
2171002,01,911780,Geldautomaat,Unavailable,False,2023-12-12 15:12:49
2171003,01,911781,Geldautomaat,Available,False,2023-12-12 15:12:50
2181001,01,912332,Geldautomaat,Available,False,2023-12-12 15:12:50
2181005,01,811532,Geld storten en opnemen,Available,True,2023-12-12 15:12:51
2181006,01,813015,Geld storten en opnemen,Available,True,2023-12-12 15:12:51
2182001,01,911079,Geldautomaat,Available,False,2023-12-12 15:12:52
2201002,01,910891,Geldautomaat,Available,False,2023-12-12 15:12:52
2201007,01,811037,Geld storten en opnemen,Available,True,2023-12-12 15:12:52
2202002,01,810584,Geld storten en opnemen,Available,True,2023-12-12 15:12:53
2203001,01,910892,Geldautomaat,Available,False,2023-12-12 15:12:53
2203001,02,611478,Sealbag-automaat,Available,False,2023-12-12 15:12:53
2211001,01,911728,Geldautomaat,Available,False,2023-12-12 15:12:54
2211002,01,911729,Geldautomaat,Available,False,2023-12-12 15:12:54
2211002,02,810201,Geld storten en opnemen,Available,False,2023-12-12 15:12:54
2211004,01,812527,Geld storten en opnemen,Available,True,2023-12-12 15:12:55
2215001,01,811203,Geld storten en opnemen,Available,True,2023-12-12 15:12:55
2215002,01,912722,Geldautomaat,Available,False,2023-12-12 15:12:56
2215003,01,910894,Geldautomaat,Available,False,2023-12-12 15:12:56
2221001,01,910874,Geldautomaat,Available,False,2023-12-12 15:12:56
2221002,01,910875,Geldautomaat,Available,False,2023-12-12 15:12:57
2222001,01,910841,Geldautomaat,Available,False,2023-12-12 15:12:57
2223001,01,910876,Geldautomaat,Available,False,2023-12-12 15:12:58
2223001,02,611372,Sealbag-automaat,Available,False,2023-12-12 15:12:58
2224001,01,910023,Geldautomaat,Available,False,2023-12-12 15:12:58
2224002,01,914725,Geldautomaat,Available,False,2023-12-12 15:12:59
2225001,01,810085,Geld storten en opnemen,Available,True,2023-12-12 15:12:59
2225001,02,610024,Sealbag-automaat,Available,False,2023-12-12 15:12:59
2225004,01,810747,Geld storten en opnemen,Available,True,2023-12-12 15:13:00
2225005,01,812024,Geld storten en opnemen,Available,True,2023-12-12 15:13:00
2231001,01,912705,Geldautomaat,Available,False,2023-12-12 15:13:00
2231003,01,610589,Sealbag-automaat,Available,False,2023-12-12 15:13:01
2231003,02,930009,Geldautomaat,Available,False,2023-12-12 15:13:01
2231004,01,811170,Geld storten en opnemen,Available,True,2023-12-12 15:13:01
2231005,01,812530,Geld storten en opnemen,Unavailable,True,2023-12-12 15:13:02
2235001,01,920138,Geldautomaat,Available,False,2023-12-12 15:13:02
2241001,01,910908,Geldautomaat,Available,False,2023-12-12 15:13:03
2241002,01,812696,Geld storten en opnemen,Available,True,2023-12-12 15:13:03
2241002,02,611204,Sealbag-automaat,Available,False,2023-12-12 15:13:03
2242002,01,611119,Sealbag-automaat,Available,False,2023-12-12 15:13:04
2242002,02,812845,Geld storten en opnemen,Available,True,2023-12-12 15:13:04
2242002,03,812982,Geld storten en opnemen,Available,True,2023-12-12 15:13:04
2251001,01,911844,Geldautomaat,Available,False,2023-12-12 15:13:04
2251005,01,811594,Geld storten en opnemen,Available,True,2023-12-12 15:13:04
2251005,02,813034,Geld storten en opnemen,Available,True,2023-12-12 15:13:04
2252001,01,810266,Geld storten en opnemen,Available,True,2023-12-12 15:13:05
2253001,01,911929,Geldautomaat,Available,False,2023-12-12 15:13:05
2253001,02,610257,Sealbag-automaat,Available,False,2023-12-12 15:13:05
2262001,01,810548,Geld storten en opnemen,Available,False,2023-12-12 15:13:06
2262001,02,610441,Sealbag-automaat,Available,False,2023-12-12 15:13:06
2262002,01,912381,Geldautomaat,Available,False,2023-12-12 15:13:06
2263002,01,910899,Geldautomaat,Available,False,2023-12-12 15:13:06
2263003,01,812866,Geld storten en opnemen,Available,True,2023-12-12 15:13:07
2265001,01,811225,Geld storten en opnemen,Available,True,2023-12-12 15:13:07
2265001,02,812019,Geld storten en opnemen,Available,True,2023-12-12 15:13:07
2266001,01,920137,Geldautomaat,Available,False,2023-12-12 15:13:08
2271001,01,914113,Geldautomaat,Available,False,2023-12-12 15:13:08
2271002,01,911843,Geldautomaat,Available,False,2023-12-12 15:13:09
2271003,01,913563,Geldautomaat,Available,False,2023-12-12 15:13:09
2271003,02,610934,Sealbag-automaat,Available,False,2023-12-12 15:13:09
2273001,01,912580,Geldautomaat,Unavailable,False,2023-12-12 15:13:10
2273002,01,912581,Geldautomaat,Available,False,2023-12-12 15:13:10
2274001,01,914138,Geldautomaat,Available,False,2023-12-12 15:13:10
2274002,01,810706,Geld storten en opnemen,Available,True,2023-12-12 15:13:11
2282001,01,920455,Geldautomaat,Available,False,2023-12-12 15:13:11
2282003,01,912793,Geldautomaat,Available,False,2023-12-12 15:13:12
2282009,01,912810,Geldautomaat,Available,False,2023-12-12 15:13:12
2283001,01,811901,Geld storten en opnemen,Available,True,2023-12-12 15:13:13
2284001,01,810230,Geld storten en opnemen,Available,False,2023-12-12 15:13:13
2284001,02,810225,Geld storten en opnemen,Available,True,2023-12-12 15:13:13
2284002,01,911761,Geldautomaat,Available,False,2023-12-12 15:13:13
2284003,01,610176,Sealbag-automaat,Available,False,2023-12-12 15:13:14
2284003,02,911762,Geldautomaat,Available,False,2023-12-12 15:13:14
2284009,01,812702,Geld storten en opnemen,Available,True,2023-12-12 15:13:14
2286001,01,910978,Geldautomaat,Available,False,2023-12-12 15:13:15
2288004,01,813109,Geld storten en opnemen,Available,True,2023-12-12 15:13:15
2291001,01,610501,Sealbag-automaat,Available,False,2023-12-12 15:13:16
2291001,02,810633,Geld storten en opnemen,Available,True,2023-12-12 15:13:16
2291002,01,912498,Geldautomaat,Available,False,2023-12-12 15:13:16
2291005,01,810643,Geld storten en opnemen,Available,True,2023-12-12 15:13:17
2311001,01,810012,Geld storten en opnemen,Available,True,2023-12-12 15:13:17
2311001,02,810013,Geld storten en opnemen,Available,False,2023-12-12 15:13:17
2311002,01,914642,Geldautomaat,Available,False,2023-12-12 15:13:17
2311003,01,920460,Geldautomaat,Available,False,2023-12-12 15:13:18
2312002,01,911382,Geldautomaat,Available,False,2023-12-12 15:13:18
2312003,01,911383,Geldautomaat,Available,False,2023-12-12 15:13:19
2312005,01,913278,Geldautomaat,Available,False,2023-12-12 15:13:19
2312008,01,811848,Geld storten en opnemen,Available,True,2023-12-12 15:13:19
2312008,02,812477,Geld storten en opnemen,Available,True,2023-12-12 15:13:19
2312008,03,611043,Sealbag-automaat,Available,False,2023-12-12 15:13:19
2312009,01,812430,Geld storten en opnemen,Available,True,2023-12-12 15:13:20
2312010,01,812308,Geld storten en opnemen,Available,True,2023-12-12 15:13:20
2312010,02,913980,Geldautomaat,Available,False,2023-12-12 15:13:20
2312014,01,611460,Sealbag-automaat,Available,False,2023-12-12 15:13:21
2312014,02,914866,Geldautomaat,Available,False,2023-12-12 15:13:21
2312014,03,812951,Geld storten en opnemen,Available,True,2023-12-12 15:13:21
2312016,01,812954,Geld storten en opnemen,Available,True,2023-12-12 15:13:21
2312016,02,812952,Geld storten en opnemen,Available,True,2023-12-12 15:13:21
2312016,03,812956,Geld storten en opnemen,Available,True,2023-12-12 15:13:21
2312016,04,812953,Geld storten en opnemen,Available,True,2023-12-12 15:13:21
2312016,05,812955,Geld storten en opnemen,Available,True,2023-12-12 15:13:21
2313002,01,811890,Geld storten en opnemen,Available,True,2023-12-12 15:13:22
2314001,01,813112,Geld storten en opnemen,Available,True,2023-12-12 15:13:22
2315002,01,812674,Geld storten en opnemen,Available,True,2023-12-12 15:13:23
2316001,01,910880,Geldautomaat,Available,False,2023-12-12 15:13:23
2317001,01,811262,Geld storten en opnemen,Available,True,2023-12-12 15:13:23
2317002,01,912771,Geldautomaat,Available,False,2023-12-12 15:13:24
2321001,01,913955,Geldautomaat,Unavailable,False,2023-12-12 15:13:24
2321002,01,913956,Geldautomaat,Available,False,2023-12-12 15:13:25
2321002,02,610273,Sealbag-automaat,Available,False,2023-12-12 15:13:25
2321003,01,911958,Geldautomaat,Available,False,2023-12-12 15:13:25
2321005,01,811451,Geld storten en opnemen,Available,True,2023-12-12 15:13:26
2331001,01,811302,Geld storten en opnemen,Available,True,2023-12-12 15:13:26
2331002,01,912813,Geldautomaat,Available,False,2023-12-12 15:13:27
2332001,01,913948,Geldautomaat,Unavailable,False,2023-12-12 15:13:27
2332002,01,812534,Geld storten en opnemen,Available,True,2023-12-12 15:13:27
2341001,01,911733,Geldautomaat,Available,False,2023-12-12 15:13:28
2341002,01,810927,Geld storten en opnemen,Available,True,2023-12-12 15:13:28
2341002,02,610791,Sealbag-automaat,Available,False,2023-12-12 15:13:28
2341004,01,810716,Geld storten en opnemen,Available,True,2023-12-12 15:13:29
2343001,01,912601,Geldautomaat,Available,False,2023-12-12 15:13:29
2352001,01,912636,Geldautomaat,Unavailable,False,2023-12-12 15:13:30
2353001,01,912380,Geldautomaat,Available,False,2023-12-12 15:13:30
2353005,01,610994,Sealbag-automaat,Available,False,2023-12-12 15:13:31
2353009,01,914604,Geldautomaat,Available,False,2023-12-12 15:13:31
2353009,02,812394,Geld storten en opnemen,Available,False,2023-12-12 15:13:31
2353010,01,812655,Geld storten en opnemen,Available,True,2023-12-12 15:13:32
2353010,02,812609,Geld storten en opnemen,Available,True,2023-12-12 15:13:32
2355001,01,920025,Geldautomaat,Available,False,2023-12-12 15:13:32
2361001,01,910862,Geldautomaat,Available,False,2023-12-12 15:13:32
2371001,01,810232,Geld storten en opnemen,Available,False,2023-12-12 15:13:33
2371001,02,610169,Sealbag-automaat,Available,False,2023-12-12 15:13:33
2375001,01,920444,Geldautomaat,Available,False,2023-12-12 15:13:33
2377001,01,911041,Geldautomaat,Unavailable,False,2023-12-12 15:13:34
2381001,01,610228,Sealbag-automaat,Available,False,2023-12-12 15:13:34
2381001,02,911870,Geldautomaat,Available,False,2023-12-12 15:13:34
2382001,01,920026,Geldautomaat,Available,False,2023-12-12 15:13:35
2391001,01,910942,Geldautomaat,Available,False,2023-12-12 15:13:35
2394001,01,811523,Geld storten en opnemen,Available,True,2023-12-12 15:13:36
2402001,01,811767,Geld storten en opnemen,Available,True,2023-12-12 15:13:36
2402002,01,911928,Geldautomaat,Available,False,2023-12-12 15:13:37
2402004,01,910994,Geldautomaat,Available,False,2023-12-12 15:13:37
2402008,01,812539,Geld storten en opnemen,Available,True,2023-12-12 15:13:37
2402010,01,812588,Geld storten en opnemen,Available,True,2023-12-12 15:13:38
2404001,01,920122,Geldautomaat,Available,False,2023-12-12 15:13:39
2406001,01,912193,Geldautomaat,Available,False,2023-12-12 15:13:39
2406003,01,810429,Geld storten en opnemen,Available,True,2023-12-12 15:13:39
2406007,01,611365,Sealbag-automaat,Available,False,2023-12-12 15:13:40
2406007,02,914691,Geldautomaat,Available,False,2023-12-12 15:13:40
2408002,01,911056,Geldautomaat,Available,False,2023-12-12 15:13:40
2411001,01,810768,Geld storten en opnemen,Unavailable,False,2023-12-12 15:13:41
2411002,01,811085,Geld storten en opnemen,Available,True,2023-12-12 15:13:41
2411003,01,912670,Geldautomaat,Available,False,2023-12-12 15:13:42
2411004,01,912671,Geldautomaat,Available,False,2023-12-12 15:13:42
2411004,02,610572,Sealbag-automaat,Available,False,2023-12-12 15:13:42
2411005,01,812077,Geld storten en opnemen,Available,True,2023-12-12 15:13:42
2421001,01,610147,Sealbag-automaat,Available,False,2023-12-12 15:13:43
2421002,01,911723,Geldautomaat,Available,False,2023-12-12 15:13:43
2421003,01,811259,Geld storten en opnemen,Available,True,2023-12-12 15:13:44
2431001,01,911075,Geldautomaat,Available,False,2023-12-12 15:13:44
2435001,01,920457,Geldautomaat,Available,False,2023-12-12 15:13:45
2441001,01,611029,Sealbag-automaat,Available,False,2023-12-12 15:13:45
2441001,02,913800,Geldautomaat,Available,False,2023-12-12 15:13:45
2451001,01,810029,Geld storten en opnemen,Available,True,2023-12-12 15:13:46
2451002,01,911393,Geldautomaat,Available,False,2023-12-12 15:13:46
2461001,01,920120,Geldautomaat,Available,False,2023-12-12 15:13:46
2461002,01,911821,Geldautomaat,Available,False,2023-12-12 15:13:47
2461002,02,610195,Sealbag-automaat,Available,False,2023-12-12 15:13:47
2481001,01,911050,Geldautomaat,Available,False,2023-12-12 15:13:47
2492001,01,811303,Geld storten en opnemen,Available,True,2023-12-12 15:13:48
2492002,01,912814,Geldautomaat,Available,False,2023-12-12 15:13:48
2496001,01,920277,Geldautomaat,Unavailable,False,2023-12-12 15:13:49
2511001,01,911396,Geldautomaat,Available,False,2023-12-12 15:13:49
2511002,01,910783,Geldautomaat,Available,False,2023-12-12 15:13:49
2511003,01,913947,Geldautomaat,Available,False,2023-12-12 15:13:50
2511005,01,812213,Geld storten en opnemen,Available,True,2023-12-12 15:13:50
2511006,01,810299,Geld storten en opnemen,Available,False,2023-12-12 15:13:51
2511007,01,911896,Geldautomaat,Available,False,2023-12-12 15:13:51
2511008,01,920459,Geldautomaat,Unavailable,False,2023-12-12 15:13:52
2511009,01,811612,Geld storten en opnemen,Available,True,2023-12-12 15:13:52
2511012,01,812768,Geld storten en opnemen,Available,True,2023-12-12 15:13:53
2511013,01,812992,Geld storten en opnemen,Available,True,2023-12-12 15:13:53
2512001,01,913867,Geldautomaat,Available,False,2023-12-12 15:13:53
2512001,02,913866,Geldautomaat,Available,False,2023-12-12 15:13:53
2512002,01,810291,Geld storten en opnemen,Available,True,2023-12-12 15:13:54
2512002,02,610243,Sealbag-automaat,Available,False,2023-12-12 15:13:54
2512002,03,811832,Geld storten en opnemen,Available,True,2023-12-12 15:13:54
2512002,04,914205,Geldautomaat,Available,False,2023-12-12 15:13:54
2512002,05,810290,Geld storten en opnemen,Available,True,2023-12-12 15:13:54
2512003,01,911895,Geldautomaat,Available,False,2023-12-12 15:13:54
2512003,02,911894,Geldautomaat,Available,False,2023-12-12 15:13:54
2513001,01,911398,Geldautomaat,Available,False,2023-12-12 15:13:55
2513001,02,911397,Geldautomaat,Available,False,2023-12-12 15:13:55
2513002,01,911399,Geldautomaat,Available,False,2023-12-12 15:13:55
2513003,01,811824,Geld storten en opnemen,Available,True,2023-12-12 15:13:56
2513004,01,910746,Geldautomaat,Available,False,2023-12-12 15:13:56
2515001,01,911897,Geldautomaat,Available,False,2023-12-12 15:13:57
2515002,01,912638,Geldautomaat,Available,False,2023-12-12 15:13:57
2515004,01,812138,Geld storten en opnemen,Available,True,2023-12-12 15:13:58
2515005,01,914774,Geldautomaat,Available,False,2023-12-12 15:13:58
2517001,01,914137,Geldautomaat,Available,False,2023-12-12 15:13:58
2517002,01,910717,Geldautomaat,Available,False,2023-12-12 15:13:59
2517004,01,811291,Geld storten en opnemen,Available,True,2023-12-12 15:13:59
2521001,01,920250,Geldautomaat,Available,False,2023-12-12 15:14:00
2521002,01,920472,Geldautomaat,Available,False,2023-12-12 15:14:00
2522001,01,910724,Geldautomaat,Available,False,2023-12-12 15:14:01
2522003,01,811281,Geld storten en opnemen,Available,True,2023-12-12 15:14:01
2523001,01,920132,Geldautomaat,Available,False,2023-12-12 15:14:02
2523002,01,912756,Geldautomaat,Available,False,2023-12-12 15:14:02
2523003,01,811833,Geld storten en opnemen,Available,True,2023-12-12 15:14:03
2523004,01,914659,Geldautomaat,Available,False,2023-12-12 15:14:03
2523006,01,811908,Geld storten en opnemen,Available,True,2023-12-12 15:14:03
2523007,01,813113,Geld storten en opnemen,Available,True,2023-12-12 15:14:04
2526001,01,610268,Sealbag-automaat,Available,False,2023-12-12 15:14:04
2526001,02,920477,Geldautomaat,Available,False,2023-12-12 15:14:04
2526001,03,811821,Geld storten en opnemen,Available,False,2023-12-12 15:14:04
2526001,04,811822,Geld storten en opnemen,Unavailable,True,2023-12-12 15:14:04
2526001,05,810313,Geld storten en opnemen,Available,True,2023-12-12 15:14:04
2526002,01,911936,Geldautomaat,Available,False,2023-12-12 15:14:05
2526003,01,810319,Geld storten en opnemen,Available,True,2023-12-12 15:14:05
2526003,02,811249,Geld storten en opnemen,Available,True,2023-12-12 15:14:05
2526003,03,914328,Geldautomaat,Available,False,2023-12-12 15:14:05
2526004,01,910829,Geldautomaat,Available,False,2023-12-12 15:14:06
2533001,01,910750,Geldautomaat,Available,False,2023-12-12 15:14:06
2533002,01,910675,Geldautomaat,Available,False,2023-12-12 15:14:06
2542001,01,910751,Geldautomaat,Available,False,2023-12-12 15:14:07
2542002,01,910752,Geldautomaat,Available,False,2023-12-12 15:14:07
2543001,01,912568,Geldautomaat,Available,False,2023-12-12 15:14:08
2543002,01,912569,Geldautomaat,Available,False,2023-12-12 15:14:08
2543004,01,812403,Geld storten en opnemen,Available,True,2023-12-12 15:14:09
2543004,02,914612,Geldautomaat,Available,False,2023-12-12 15:14:09
2545001,01,812719,Geld storten en opnemen,Unavailable,False,2023-12-12 15:14:09
2545001,02,810120,Geld storten en opnemen,Unavailable,False,2023-12-12 15:14:09
2545002,01,914152,Geldautomaat,Available,False,2023-12-12 15:14:10
2545002,02,810121,Geld storten en opnemen,Available,True,2023-12-12 15:14:10
2547001,01,914661,Geldautomaat,Available,False,2023-12-12 15:14:10
2547002,01,910720,Geldautomaat,Available,False,2023-12-12 15:14:10
2547003,01,910721,Geldautomaat,Available,False,2023-12-12 15:14:11
2548001,01,811735,Geld storten en opnemen,Available,True,2023-12-12 15:14:11
2548002,01,912761,Geldautomaat,Available,False,2023-12-12 15:14:12
2548003,01,910718,Geldautomaat,Available,False,2023-12-12 15:14:12
2548004,01,913270,Geldautomaat,Available,False,2023-12-12 15:14:13
2551001,01,812548,Geld storten en opnemen,Available,False,2023-12-12 15:14:13
2551002,01,910743,Geldautomaat,Available,False,2023-12-12 15:14:13
2551003,01,812504,Geld storten en opnemen,Available,True,2023-12-12 15:14:14
2552001,01,914134,Geldautomaat,Available,False,2023-12-12 15:14:14
2552002,01,910711,Geldautomaat,Available,False,2023-12-12 15:14:15
2552004,01,811268,Geld storten en opnemen,Available,True,2023-12-12 15:14:15
2553001,01,911956,Geldautomaat,Available,False,2023-12-12 15:14:16
2553002,01,913271,Geldautomaat,Available,False,2023-12-12 15:14:16
2554002,01,914868,Geldautomaat,Available,False,2023-12-12 15:14:17
2561001,01,910702,Geldautomaat,Available,False,2023-12-12 15:14:17
2562001,01,914162,Geldautomaat,Available,False,2023-12-12 15:14:17
2562001,02,811834,Geld storten en opnemen,Available,True,2023-12-12 15:14:17
2562002,01,910740,Geldautomaat,Available,False,2023-12-12 15:14:18
2563001,01,911907,Geldautomaat,Available,False,2023-12-12 15:14:18
2563001,02,610247,Sealbag-automaat,Available,False,2023-12-12 15:14:18
2563002,01,910741,Geldautomaat,Available,False,2023-12-12 15:14:19
2564002,01,811611,Geld storten en opnemen,Available,True,2023-12-12 15:14:19
2565001,01,812193,Geld storten en opnemen,Available,True,2023-12-12 15:14:20
2566002,01,911888,Geldautomaat,Available,False,2023-12-12 15:14:20
2566003,01,812419,Geld storten en opnemen,Available,True,2023-12-12 15:14:21
2566003,02,611353,Sealbag-automaat,Available,False,2023-12-12 15:14:21
2571001,01,910630,Geldautomaat,Available,False,2023-12-12 15:14:21
2572001,01,910622,Geldautomaat,Available,False,2023-12-12 15:14:21
2573001,01,912156,Geldautomaat,Available,False,2023-12-12 15:14:22
2573006,01,812074,Geld storten en opnemen,Available,True,2023-12-12 15:14:22
2573006,02,812173,Geld storten en opnemen,Available,True,2023-12-12 15:14:22
2582001,01,912572,Geldautomaat,Available,False,2023-12-12 15:14:23
2582002,01,912573,Geldautomaat,Available,False,2023-12-12 15:14:23
2582005,01,913273,Geldautomaat,Available,False,2023-12-12 15:14:24
2582006,01,811443,Geld storten en opnemen,Available,True,2023-12-12 15:14:24
2582007,01,611403,Sealbag-automaat,Available,False,2023-12-12 15:14:24
2582007,02,812648,Geld storten en opnemen,Available,True,2023-12-12 15:14:24
2584001,01,912597,Geldautomaat,Available,False,2023-12-12 15:14:25
2585001,01,810042,Geld storten en opnemen,Unavailable,False,2023-12-12 15:14:25
2585002,01,911402,Geldautomaat,Available,False,2023-12-12 15:14:26
2586001,01,913853,Geldautomaat,Available,False,2023-12-12 15:14:26
2586002,01,913854,Geldautomaat,Available,False,2023-12-12 15:14:27
2587001,01,913931,Geldautomaat,Available,False,2023-12-12 15:14:27
2587002,01,911908,Geldautomaat,Available,False,2023-12-12 15:14:28
2587004,01,811663,Geld storten en opnemen,Available,True,2023-12-12 15:14:28
2592001,01,810069,Geld storten en opnemen,Available,True,2023-12-12 15:14:29
2592001,02,914139,Geldautomaat,Available,False,2023-12-12 15:14:29
2592002,01,911427,Geldautomaat,Available,False,2023-12-12 15:14:29
2593001,01,913968,Geldautomaat,Available,False,2023-12-12 15:14:29
2593001,02,812669,Geld storten en opnemen,Available,True,2023-12-12 15:14:29
2593002,01,911539,Geldautomaat,Available,False,2023-12-12 15:14:30
2593003,01,911540,Geldautomaat,Available,False,2023-12-12 15:14:30
2593005,01,812701,Geld storten en opnemen,Available,True,2023-12-12 15:14:31
2595001,01,810088,Geld storten en opnemen,Available,False,2023-12-12 15:14:31
2595001,02,810087,Geld storten en opnemen,Available,True,2023-12-12 15:14:31
2595002,01,914041,Geldautomaat,Available,False,2023-12-12 15:14:32
2596001,01,810078,Geld storten en opnemen,Available,True,2023-12-12 15:14:32
2596002,01,810047,Geld storten en opnemen,Unavailable,False,2023-12-12 15:14:33
2596002,02,810048,Geld storten en opnemen,Available,True,2023-12-12 15:14:33
2596003,01,910641,Geldautomaat,Available,False,2023-12-12 15:14:33
2597001,01,812214,Geld storten en opnemen,Available,True,2023-12-12 15:14:33
2597002,01,810067,Geld storten en opnemen,Available,False,2023-12-12 15:14:34
2597003,01,911424,Geldautomaat,Available,False,2023-12-12 15:14:34
2611001,01,914696,Geldautomaat,Available,False,2023-12-12 15:14:35
2611001,02,811802,Geld storten en opnemen,Available,True,2023-12-12 15:14:35
2611002,01,912241,Geldautomaat,Available,False,2023-12-12 15:14:35
2611003,01,912242,Geldautomaat,Available,False,2023-12-12 15:14:36
2611007,01,914821,Geldautomaat,Available,False,2023-12-12 15:14:37
2613001,01,910640,Geldautomaat,Available,False,2023-12-12 15:14:37
2614001,01,920133,Geldautomaat,Available,False,2023-12-12 15:14:37
2622001,01,812554,Geld storten en opnemen,Available,True,2023-12-12 15:14:38
2623001,01,910608,Geldautomaat,Available,False,2023-12-12 15:14:38
2623003,01,812803,Geld storten en opnemen,Available,True,2023-12-12 15:14:39
2624001,01,610269,Sealbag-automaat,Available,False,2023-12-12 15:14:39
2624001,02,914136,Geldautomaat,Available,False,2023-12-12 15:14:39
2624001,03,811770,Geld storten en opnemen,Available,True,2023-12-12 15:14:39
2624002,01,911943,Geldautomaat,Available,False,2023-12-12 15:14:40
2624003,01,911944,Geldautomaat,Available,False,2023-12-12 15:14:40
2625001,01,811056,Geld storten en opnemen,Available,True,2023-12-12 15:14:41
2625003,01,912662,Geldautomaat,Available,False,2023-12-12 15:14:41
2628001,01,913916,Geldautomaat,Available,False,2023-12-12 15:14:41
2628002,01,910628,Geldautomaat,Unavailable,False,2023-12-12 15:14:42
2631001,01,912407,Geldautomaat,Available,False,2023-12-12 15:14:42
2631001,02,610449,Sealbag-automaat,Available,False,2023-12-12 15:14:42
2632001,01,912406,Geldautomaat,Available,False,2023-12-12 15:14:43
2632003,01,811421,Geld storten en opnemen,Available,True,2023-12-12 15:14:43
2635001,01,910591,Geldautomaat,Available,False,2023-12-12 15:14:44
2635001,02,910592,Geldautomaat,Available,False,2023-12-12 15:14:44
2636001,01,910605,Geldautomaat,Available,False,2023-12-12 15:14:44
2641001,01,810582,Geld storten en opnemen,Available,True,2023-12-12 15:14:44
2641001,02,610724,Sealbag-automaat,Available,False,2023-12-12 15:14:44
2641002,01,912425,Geldautomaat,Available,False,2023-12-12 15:14:45
2641005,01,811422,Geld storten en opnemen,Available,True,2023-12-12 15:14:45
2641006,01,811913,Geld storten en opnemen,Available,True,2023-12-12 15:14:46
2643001,01,910624,Geldautomaat,Available,False,2023-12-12 15:14:46
2643002,01,812590,Geld storten en opnemen,Available,True,2023-12-12 15:14:47
2645001,01,910590,Geldautomaat,Available,False,2023-12-12 15:14:47
2651001,01,910584,Geldautomaat,Available,False,2023-12-12 15:14:48
2651002,01,912081,Geldautomaat,Available,False,2023-12-12 15:14:48
2651003,01,912082,Geldautomaat,Available,False,2023-12-12 15:14:48
2651003,02,610314,Sealbag-automaat,Available,False,2023-12-12 15:14:48
2661001,01,610078,Sealbag-automaat,Available,False,2023-12-12 15:14:49
2661001,02,810140,Geld storten en opnemen,Available,False,2023-12-12 15:14:49
2661003,01,911579,Geldautomaat,Available,False,2023-12-12 15:14:49
2661004,01,812559,Geld storten en opnemen,Available,True,2023-12-12 15:14:50
2665001,01,910588,Geldautomaat,Available,False,2023-12-12 15:14:50
2665002,01,920108,Geldautomaat,Available,False,2023-12-12 15:14:50
2671001,01,912404,Geldautomaat,Available,False,2023-12-12 15:14:51
2671005,01,920305,Geldautomaat,Available,False,2023-12-12 15:14:51
2671005,02,611013,Sealbag-automaat,Available,False,2023-12-12 15:14:51
2671005,03,811986,Geld storten en opnemen,Available,True,2023-12-12 15:14:51
2671006,01,810564,Geld storten en opnemen,Available,True,2023-12-12 15:14:52
2675001,01,910597,Geldautomaat,Available,False,2023-12-12 15:14:52
2675002,01,910598,Geldautomaat,Available,False,2023-12-12 15:14:53
2676001,01,911707,Geldautomaat,Unavailable,False,2023-12-12 15:14:53
2676001,02,610139,Sealbag-automaat,Available,False,2023-12-12 15:14:53
2678001,01,912086,Geldautomaat,Available,False,2023-12-12 15:14:54
2678002,01,912087,Geldautomaat,Available,False,2023-12-12 15:14:54
2678002,02,811000,Geld storten en opnemen,Available,True,2023-12-12 15:14:54
2678002,03,610315,Sealbag-automaat,Available,False,2023-12-12 15:14:54
2681001,01,920332,Geldautomaat,Available,False,2023-12-12 15:14:54
2681002,01,811839,Geld storten en opnemen,Available,True,2023-12-12 15:14:55
2691001,01,911771,Geldautomaat,Available,False,2023-12-12 15:14:55
2691002,01,811172,Geld storten en opnemen,Available,True,2023-12-12 15:14:56
2692001,01,610172,Sealbag-automaat,Available,False,2023-12-12 15:14:56
2692001,02,920331,Geldautomaat,Available,False,2023-12-12 15:14:56
2711001,01,912536,Geldautomaat,Available,False,2023-12-12 15:14:57
2711005,01,611445,Sealbag-automaat,Available,False,2023-12-12 15:14:58
2711005,02,812673,Geld storten en opnemen,Available,False,2023-12-12 15:14:58
2711007,01,914883,Geldautomaat,Available,False,2023-12-12 15:14:58
2711007,02,611479,Sealbag-automaat,Available,False,2023-12-12 15:14:58
2711007,03,813035,Geld storten en opnemen,Unavailable,False,2023-12-12 15:14:58
2711008,01,813037,Geld storten en opnemen,Unavailable,False,2023-12-12 15:14:59
2711008,02,813036,Geld storten en opnemen,Unavailable,False,2023-12-12 15:14:59
2711008,03,813038,Geld storten en opnemen,Unavailable,False,2023-12-12 15:14:59
2711008,04,813040,Geld storten en opnemen,Available,True,2023-12-12 15:14:59
2711008,05,813039,Geld storten en opnemen,Available,True,2023-12-12 15:14:59
2712002,01,910865,Geldautomaat,Available,False,2023-12-12 15:14:59
2712004,01,813108,Geld storten en opnemen,Available,True,2023-12-12 15:14:59
2716002,01,920221,Geldautomaat,Available,False,2023-12-12 15:15:00
2716003,01,910885,Geldautomaat,Available,False,2023-12-12 15:15:00
2717001,01,910845,Geldautomaat,Available,False,2023-12-12 15:15:01
2718001,01,811237,Geld storten en opnemen,Available,True,2023-12-12 15:15:01
2719001,01,910902,Geldautomaat,Available,False,2023-12-12 15:15:02
2719002,01,810925,Geld storten en opnemen,Available,True,2023-12-12 15:15:02
2719002,02,812228,Geld storten en opnemen,Available,True,2023-12-12 15:15:02
2721001,01,910893,Geldautomaat,Unavailable,False,2023-12-12 15:15:03
2722001,01,812978,Geld storten en opnemen,Available,True,2023-12-12 15:15:03
2724001,01,913699,Geldautomaat,Available,False,2023-12-12 15:15:03
2724002,01,910904,Geldautomaat,Available,False,2023-12-12 15:15:04
2725001,01,811232,Geld storten en opnemen,Available,True,2023-12-12 15:15:04
2725002,01,912839,Geldautomaat,Available,False,2023-12-12 15:15:05
2727001,01,913077,Geldautomaat,Available,False,2023-12-12 15:15:05
2728001,01,910889,Geldautomaat,Available,False,2023-12-12 15:15:06
2741001,01,912497,Geldautomaat,Available,False,2023-12-12 15:15:06
2741002,01,910877,Geldautomaat,Available,False,2023-12-12 15:15:07
2743001,01,920150,Geldautomaat,Available,False,2023-12-12 15:15:07
2751001,01,920107,Geldautomaat,Available,False,2023-12-12 15:15:08
2761001,01,812346,Geld storten en opnemen,Available,True,2023-12-12 15:15:08
2771001,01,810015,Geld storten en opnemen,Available,True,2023-12-12 15:15:08
2771002,01,911385,Geldautomaat,Available,False,2023-12-12 15:15:09
2801001,01,611498,Sealbag-automaat,Available,False,2023-12-12 15:15:09
2801001,02,813111,Geld storten en opnemen,Available,True,2023-12-12 15:15:09
2801002,01,912288,Geldautomaat,Available,False,2023-12-12 15:15:10
2801006,01,811518,Geld storten en opnemen,Available,True,2023-12-12 15:15:11
2802001,01,910878,Geldautomaat,Available,False,2023-12-12 15:15:11
2804001,01,913914,Geldautomaat,Available,False,2023-12-12 15:15:12
2804002,01,912159,Geldautomaat,Available,False,2023-12-12 15:15:12
2804005,01,812075,Geld storten en opnemen,Available,True,2023-12-12 15:15:12
2804006,01,811704,Geld storten en opnemen,Available,True,2023-12-12 15:15:13
2807001,01,910868,Geldautomaat,Available,False,2023-12-12 15:15:13
2809001,01,912893,Geldautomaat,Available,False,2023-12-12 15:15:14
2811001,01,910853,Geldautomaat,Available,False,2023-12-12 15:15:15
2821001,01,920022,Geldautomaat,Available,False,2023-12-12 15:15:15
2831001,01,910849,Geldautomaat,Unavailable,False,2023-12-12 15:15:16
2841001,01,910766,Geldautomaat,Available,False,2023-12-12 15:15:16
2841002,01,910767,Geldautomaat,Available,False,2023-12-12 15:15:16
2851001,01,610118,Sealbag-automaat,Available,False,2023-12-12 15:15:17
2851001,02,920372,Geldautomaat,Available,False,2023-12-12 15:15:17
2861001,01,920379,Geldautomaat,Available,False,2023-12-12 15:15:17
2861001,02,811490,Geld storten en opnemen,Available,True,2023-12-12 15:15:17
2861001,03,610354,Sealbag-automaat,Available,False,2023-12-12 15:15:17
2871002,01,911786,Geldautomaat,Available,False,2023-12-12 15:15:18
2871003,01,911787,Geldautomaat,Available,False,2023-12-12 15:15:18
2871004,01,920149,Geldautomaat,Available,False,2023-12-12 15:15:19
2871005,01,812229,Geld storten en opnemen,Available,True,2023-12-12 15:15:19
2901001,01,910819,Geldautomaat,Unavailable,False,2023-12-12 15:15:20
2902001,01,910822,Geldautomaat,Available,False,2023-12-12 15:15:20
2903001,01,912225,Geldautomaat,Available,False,2023-12-12 15:15:20
2903004,01,611093,Sealbag-automaat,Available,False,2023-12-12 15:15:21
2903004,02,920367,Geldautomaat,Available,False,2023-12-12 15:15:21
2903007,01,812144,Geld storten en opnemen,Available,True,2023-12-12 15:15:21
2903007,02,810459,Geld storten en opnemen,Available,True,2023-12-12 15:15:21
2903008,01,810458,Geld storten en opnemen,Available,True,2023-12-12 15:15:22
2903010,01,914880,Geldautomaat,Available,False,2023-12-12 15:15:22
2903010,02,813014,Geld storten en opnemen,Available,True,2023-12-12 15:15:22
2904001,01,914128,Geldautomaat,Available,False,2023-12-12 15:15:23
2904002,01,910782,Geldautomaat,Available,False,2023-12-12 15:15:23
2904003,01,812614,Geld storten en opnemen,Available,True,2023-12-12 15:15:23
2907001,01,811236,Geld storten en opnemen,Available,True,2023-12-12 15:15:24
2907002,01,912745,Geldautomaat,Available,False,2023-12-12 15:15:24
2914001,01,810197,Geld storten en opnemen,Available,True,2023-12-12 15:15:25
2914001,02,610146,Sealbag-automaat,Available,False,2023-12-12 15:15:25
2914002,01,911722,Geldautomaat,Unavailable,False,2023-12-12 15:15:25
2922001,01,912364,Geldautomaat,Available,False,2023-12-12 15:15:26
2922002,01,811648,Geld storten en opnemen,Available,True,2023-12-12 15:15:26
2922002,02,611020,Sealbag-automaat,Available,False,2023-12-12 15:15:26
2922006,01,812545,Geld storten en opnemen,Available,True,2023-12-12 15:15:27
2924001,01,920481,Geldautomaat,Available,False,2023-12-12 15:15:27
2931001,01,910762,Geldautomaat,Available,False,2023-12-12 15:15:27
2931002,01,910763,Geldautomaat,Available,False,2023-12-12 15:15:28
2935001,01,910769,Geldautomaat,Available,False,2023-12-12 15:15:28
2941001,01,911696,Geldautomaat,Available,False,2023-12-12 15:15:29
2941002,01,610131,Sealbag-automaat,Available,False,2023-12-12 15:15:29
2941003,01,920023,Geldautomaat,Available,False,2023-12-12 15:15:30
2951001,01,810116,Geld storten en opnemen,Available,True,2023-12-12 15:15:30
2951001,02,610050,Sealbag-automaat,Available,False,2023-12-12 15:15:30
2951002,01,911510,Geldautomaat,Available,False,2023-12-12 15:15:30
2951004,01,811058,Geld storten en opnemen,Available,True,2023-12-12 15:15:31
2957001,01,812466,Geld storten en opnemen,Available,True,2023-12-12 15:15:31
2957001,02,610276,Sealbag-automaat,Available,False,2023-12-12 15:15:31
2959001,01,910774,Geldautomaat,Available,False,2023-12-12 15:15:32
2964001,01,911664,Geldautomaat,Available,False,2023-12-12 15:15:32
2964001,02,610117,Sealbag-automaat,Available,False,2023-12-12 15:15:32
2965001,01,920100,Geldautomaat,Unavailable,False,2023-12-12 15:15:32
2973001,01,610143,Sealbag-automaat,Available,False,2023-12-12 15:15:33
2973001,02,911714,Geldautomaat,Available,False,2023-12-12 15:15:33
2981001,01,610467,Sealbag-automaat,Available,False,2023-12-12 15:15:33
2981001,02,810583,Geld storten en opnemen,Available,True,2023-12-12 15:15:33
2981002,01,912427,Geldautomaat,Available,False,2023-12-12 15:15:34
2981006,01,810589,Geld storten en opnemen,Available,True,2023-12-12 15:15:34
2981007,01,810590,Geld storten en opnemen,Available,True,2023-12-12 15:15:35
2983001,01,910787,Geldautomaat,Available,False,2023-12-12 15:15:35
2983002,01,910788,Geldautomaat,Available,False,2023-12-12 15:15:35
2986001,01,910054,Geldautomaat,Available,False,2023-12-12 15:15:36
2987001,01,811054,Geld storten en opnemen,Available,True,2023-12-12 15:15:36
2987002,01,912660,Geldautomaat,Available,False,2023-12-12 15:15:37
2987003,01,912659,Geldautomaat,Available,False,2023-12-12 15:15:37
2991001,01,911572,Geldautomaat,Available,False,2023-12-12 15:15:37
2991006,01,811489,Geld storten en opnemen,Available,True,2023-12-12 15:15:38
2991007,01,810408,Geld storten en opnemen,Available,True,2023-12-12 15:15:38
2993001,01,911444,Geldautomaat,Available,False,2023-12-12 15:15:39
2993003,01,811325,Geld storten en opnemen,Available,True,2023-12-12 15:15:39
2995001,01,920084,Geldautomaat,Available,False,2023-12-12 15:15:40
3011001,01,910342,Geldautomaat,Available,False,2023-12-12 15:15:40
3011002,01,913962,Geldautomaat,Available,False,2023-12-12 15:15:41
3011002,02,811295,Geld storten en opnemen,Available,False,2023-12-12 15:15:41
3011004,01,911940,Geldautomaat,Available,False,2023-12-12 15:15:41
3011005,01,610263,Sealbag-automaat,Available,False,2023-12-12 15:15:42
3011005,02,911941,Geldautomaat,Available,False,2023-12-12 15:15:42
3011007,01,910369,Geldautomaat,Available,False,2023-12-12 15:15:42
3012001,01,810075,Geld storten en opnemen,Available,True,2023-12-12 15:15:42
3012001,02,810932,Geld storten en opnemen,Available,True,2023-12-12 15:15:42
3012002,01,913913,Geldautomaat,Available,False,2023-12-12 15:15:43
3012003,01,911441,Geldautomaat,Available,False,2023-12-12 15:15:43
3012006,01,910366,Geldautomaat,Available,False,2023-12-12 15:15:44
3012012,01,920483,Geldautomaat,Available,False,2023-12-12 15:15:44
3012012,02,611325,Sealbag-automaat,Available,False,2023-12-12 15:15:44
3012012,03,812495,Geld storten en opnemen,Available,True,2023-12-12 15:15:44
3012012,04,812494,Geld storten en opnemen,Available,True,2023-12-12 15:15:44
3012014,01,812497,Geld storten en opnemen,Available,True,2023-12-12 15:15:45
3012014,02,812500,Geld storten en opnemen,Available,True,2023-12-12 15:15:45
3012014,03,812496,Geld storten en opnemen,Available,True,2023-12-12 15:15:45
3012014,04,812498,Geld storten en opnemen,Available,True,2023-12-12 15:15:45
3012014,05,812499,Geld storten en opnemen,Unavailable,False,2023-12-12 15:15:45
3013001,01,914150,Geldautomaat,Available,False,2023-12-12 15:15:45
3013001,02,610310,Sealbag-automaat,Available,False,2023-12-12 15:15:45
3013001,03,914149,Geldautomaat,Available,False,2023-12-12 15:15:45
3013002,01,812061,Geld storten en opnemen,Available,True,2023-12-12 15:15:45
3014001,01,913817,Geldautomaat,Available,False,2023-12-12 15:15:46
3014001,02,913818,Geldautomaat,Available,False,2023-12-12 15:15:46
3014002,01,910028,Geldautomaat,Available,False,2023-12-12 15:15:46
3014004,01,812812,Geld storten en opnemen,Available,True,2023-12-12 15:15:47
3015002,01,930007,Geldautomaat,Available,False,2023-12-12 15:15:47
3021001,01,811860,Geld storten en opnemen,Available,True,2023-12-12 15:15:48
3021001,02,914144,Geldautomaat,Available,False,2023-12-12 15:15:48
3021002,01,910357,Geldautomaat,Available,False,2023-12-12 15:15:48
3022001,01,811823,Geld storten en opnemen,Available,True,2023-12-12 15:15:49
3022001,02,914160,Geldautomaat,Available,False,2023-12-12 15:15:49
3022002,01,912046,Geldautomaat,Available,False,2023-12-12 15:15:49
3022003,01,811466,Geld storten en opnemen,Available,True,2023-12-12 15:15:49
3023001,01,811636,Geld storten en opnemen,Available,True,2023-12-12 15:15:50
3023001,02,810355,Geld storten en opnemen,Available,True,2023-12-12 15:15:50
3023001,03,610308,Sealbag-automaat,Available,False,2023-12-12 15:15:50
3024001,01,910363,Geldautomaat,Available,False,2023-12-12 15:15:50
3026001,01,810034,Geld storten en opnemen,Available,True,2023-12-12 15:15:51
3026001,02,810033,Geld storten en opnemen,Available,True,2023-12-12 15:15:51
3026002,01,812337,Geld storten en opnemen,Available,True,2023-12-12 15:15:51
3029001,01,910325,Geldautomaat,Available,False,2023-12-12 15:15:52
3031001,01,910341,Geldautomaat,Available,False,2023-12-12 15:15:52
3034001,01,811852,Geld storten en opnemen,Available,True,2023-12-12 15:15:53
3034001,02,914721,Geldautomaat,Available,False,2023-12-12 15:15:53
3035001,01,914664,Geldautomaat,Available,False,2023-12-12 15:15:53
3035001,02,812460,Geld storten en opnemen,Available,False,2023-12-12 15:15:53
3035003,01,812135,Geld storten en opnemen,Available,True,2023-12-12 15:15:53
3035004,01,812775,Geld storten en opnemen,Unavailable,False,2023-12-12 15:15:54
3035004,02,812776,Geld storten en opnemen,Available,True,2023-12-12 15:15:54
3035004,03,812778,Geld storten en opnemen,Unavailable,False,2023-12-12 15:15:54
3035004,04,812777,Geld storten en opnemen,Available,True,2023-12-12 15:15:54
3035005,01,812779,Geld storten en opnemen,Unavailable,False,2023-12-12 15:15:54
3035005,02,812780,Geld storten en opnemen,Available,True,2023-12-12 15:15:54
3035005,03,920222,Geldautomaat,Available,False,2023-12-12 15:15:54
3035005,04,611428,Sealbag-automaat,Available,False,2023-12-12 15:15:54
3036001,01,910457,Geldautomaat,Available,False,2023-12-12 15:15:55
3037001,01,910423,Geldautomaat,Available,False,2023-12-12 15:15:55
3037002,01,812276,Geld storten en opnemen,Available,True,2023-12-12 15:15:56
3037004,01,811460,Geld storten en opnemen,Available,True,2023-12-12 15:15:56
3038001,01,811861,Geld storten en opnemen,Available,True,2023-12-12 15:15:56
3038004,01,812693,Geld storten en opnemen,Available,True,2023-12-12 15:15:57
3039001,01,910226,Geldautomaat,Available,False,2023-12-12 15:15:57
3042002,01,912065,Geldautomaat,Available,False,2023-12-12 15:15:58
3042004,01,811478,Geld storten en opnemen,Available,True,2023-12-12 15:15:58
3051001,01,910252,Geldautomaat,Available,False,2023-12-12 15:15:59
3053001,01,811459,Geld storten en opnemen,Available,True,2023-12-12 15:15:59
3053002,01,912798,Geldautomaat,Available,False,2023-12-12 15:16:00
3054001,01,912157,Geldautomaat,Available,False,2023-12-12 15:16:00
3054006,01,812503,Geld storten en opnemen,Available,True,2023-12-12 15:16:01
3055001,01,913970,Geldautomaat,Available,False,2023-12-12 15:16:01
3059001,01,912661,Geldautomaat,Available,False,2023-12-12 15:16:01
3059002,01,811055,Geld storten en opnemen,Available,True,2023-12-12 15:16:02
3061001,01,914735,Geldautomaat,Available,False,2023-12-12 15:16:02
3061001,02,810323,Geld storten en opnemen,Available,True,2023-12-12 15:16:02
3061003,01,912607,Geldautomaat,Unavailable,False,2023-12-12 15:16:03
3061004,01,910272,Geldautomaat,Available,False,2023-12-12 15:16:03
3061005,01,911959,Geldautomaat,Available,False,2023-12-12 15:16:04
3061011,01,812689,Geld storten en opnemen,Available,True,2023-12-12 15:16:04
3063001,01,810045,Geld storten en opnemen,Available,False,2023-12-12 15:16:05
3065001,01,810709,Geld storten en opnemen,Available,True,2023-12-12 15:16:05
3065001,02,610546,Sealbag-automaat,Available,False,2023-12-12 15:16:05
3065002,01,912602,Geldautomaat,Available,False,2023-12-12 15:16:05
3065003,01,811272,Geld storten en opnemen,Available,True,2023-12-12 15:16:06
3067001,01,914030,Geldautomaat,Available,False,2023-12-12 15:16:06
3067002,01,910253,Geldautomaat,Available,False,2023-12-12 15:16:07
3067003,01,811870,Geld storten en opnemen,Available,True,2023-12-12 15:16:07
3067003,02,914016,Geldautomaat,Available,False,2023-12-12 15:16:07
3067004,01,810348,Geld storten en opnemen,Available,True,2023-12-12 15:16:08
3067004,02,914584,Geldautomaat,Available,False,2023-12-12 15:16:08
3067004,03,610302,Sealbag-automaat,Available,False,2023-12-12 15:16:08
3067005,01,912032,Geldautomaat,Available,False,2023-12-12 15:16:08
3067007,01,811897,Geld storten en opnemen,Available,True,2023-12-12 15:16:09
3068001,01,810046,Geld storten en opnemen,Available,True,2023-12-12 15:16:09
3068002,01,913904,Geldautomaat,Available,False,2023-12-12 15:16:10
3068005,01,914594,Geldautomaat,Available,False,2023-12-12 15:16:10
3068005,02,812388,Geld storten en opnemen,Available,False,2023-12-12 15:16:10
3069001,01,911405,Geldautomaat,Unavailable,False,2023-12-12 15:16:10
3069002,01,913694,Geldautomaat,Unavailable,False,2023-12-12 15:16:11
3071001,01,914148,Geldautomaat,Available,False,2023-12-12 15:16:11
3071002,01,920273,Geldautomaat,Available,False,2023-12-12 15:16:12
3071003,01,912824,Geldautomaat,Available,False,2023-12-12 15:16:12
3071004,01,912825,Geldautomaat,Available,False,2023-12-12 15:16:12
3071005,01,812369,Geld storten en opnemen,Available,True,2023-12-12 15:16:13
3072001,01,810070,Geld storten en opnemen,Unavailable,False,2023-12-12 15:16:13
3072001,02,914146,Geldautomaat,Available,False,2023-12-12 15:16:13
3073001,01,914656,Geldautomaat,Available,False,2023-12-12 15:16:14
3073001,02,914657,Geldautomaat,Available,False,2023-12-12 15:16:14
3074001,01,811842,Geld storten en opnemen,Available,True,2023-12-12 15:16:14
3074001,02,810986,Geld storten en opnemen,Available,True,2023-12-12 15:16:14
3074002,01,911552,Geldautomaat,Available,False,2023-12-12 15:16:15
3074003,01,811314,Geld storten en opnemen,Available,False,2023-12-12 15:16:15
3076002,01,812136,Geld storten en opnemen,Available,True,2023-12-12 15:16:15
3076003,01,811042,Geld storten en opnemen,Available,True,2023-12-12 15:16:16
3076004,01,812896,Geld storten en opnemen,Available,True,2023-12-12 15:16:16
3077001,01,920344,Geldautomaat,Available,False,2023-12-12 15:16:17
3078002,01,912598,Geldautomaat,Available,False,2023-12-12 15:16:17
3078004,01,811258,Geld storten en opnemen,Available,True,2023-12-12 15:16:18
3078005,01,812020,Geld storten en opnemen,Available,True,2023-12-12 15:16:18
3078005,02,812124,Geld storten en opnemen,Available,True,2023-12-12 15:16:18
3078006,01,812919,Geld storten en opnemen,Available,True,2023-12-12 15:16:19
3078007,01,812979,Geld storten en opnemen,Available,True,2023-12-12 15:16:19
3079001,01,910445,Geldautomaat,Available,False,2023-12-12 15:16:19
3082001,01,930063,Geldautomaat,Available,False,2023-12-12 15:16:20
3082002,01,912838,Geldautomaat,Available,False,2023-12-12 15:16:20
3082002,02,912837,Geldautomaat,Available,False,2023-12-12 15:16:20
3082003,01,812003,Geld storten en opnemen,Available,True,2023-12-12 15:16:21
3082004,01,812725,Geld storten en opnemen,Available,True,2023-12-12 15:16:21
3083001,01,914585,Geldautomaat,Available,False,2023-12-12 15:16:22
3083001,02,812378,Geld storten en opnemen,Available,False,2023-12-12 15:16:22
3083003,01,610558,Sealbag-automaat,Available,False,2023-12-12 15:16:22
3083003,02,812283,Geld storten en opnemen,Available,True,2023-12-12 15:16:22
3083004,01,912633,Geldautomaat,Available,False,2023-12-12 15:16:23
3083005,01,912635,Geldautomaat,Available,False,2023-12-12 15:16:23
3083005,02,912634,Geldautomaat,Available,False,2023-12-12 15:16:23
3085001,01,913901,Geldautomaat,Available,False,2023-12-12 15:16:24
3085002,01,912830,Geldautomaat,Available,False,2023-12-12 15:16:24
3085003,01,811315,Geld storten en opnemen,Available,True,2023-12-12 15:16:25
3085005,01,912831,Geldautomaat,Available,False,2023-12-12 15:16:25
3085005,02,912832,Geldautomaat,Available,False,2023-12-12 15:16:25
3086001,01,912608,Geldautomaat,Available,False,2023-12-12 15:16:25
3086004,01,810728,Geld storten en opnemen,Available,True,2023-12-12 15:16:26
3086005,01,611336,Sealbag-automaat,Available,False,2023-12-12 15:16:26
3086005,02,920247,Geldautomaat,Available,False,2023-12-12 15:16:26
3111001,01,912433,Geldautomaat,Available,False,2023-12-12 15:16:27
3111003,01,912451,Geldautomaat,Available,False,2023-12-12 15:16:27
3111006,01,611352,Sealbag-automaat,Available,False,2023-12-12 15:16:27
3111006,02,812418,Geld storten en opnemen,Available,False,2023-12-12 15:16:27
3111006,03,812550,Geld storten en opnemen,Available,True,2023-12-12 15:16:27
3111007,01,811573,Geld storten en opnemen,Available,False,2023-12-12 15:16:28
3114002,01,910527,Geldautomaat,Available,False,2023-12-12 15:16:28
3117001,01,914666,Geldautomaat,Available,False,2023-12-12 15:16:29
3119001,01,914663,Geldautomaat,Available,False,2023-12-12 15:16:29
3119001,02,914662,Geldautomaat,Available,False,2023-12-12 15:16:29
3119002,01,910545,Geldautomaat,Available,False,2023-12-12 15:16:30
3119004,01,812594,Geld storten en opnemen,Available,True,2023-12-12 15:16:30
3121001,01,912577,Geldautomaat,Available,False,2023-12-12 15:16:31
3123002,01,812051,Geld storten en opnemen,Available,True,2023-12-12 15:16:31
3131001,01,914871,Geldautomaat,Available,False,2023-12-12 15:16:32
3131001,02,914872,Geldautomaat,Available,False,2023-12-12 15:16:32
3131002,01,914849,Geldautomaat,Available,False,2023-12-12 15:16:32
3131002,02,912488,Geldautomaat,Available,False,2023-12-12 15:16:32
3131003,01,912489,Geldautomaat,Available,False,2023-12-12 15:16:32
3131006,01,912504,Geldautomaat,Available,False,2023-12-12 15:16:33
3131006,02,810639,Geld storten en opnemen,Available,True,2023-12-12 15:16:33
3131006,03,611449,Sealbag-automaat,Unavailable,False,2023-12-12 15:16:33
3131007,01,811590,Geld storten en opnemen,Available,True,2023-12-12 15:16:33
3132001,01,910557,Geldautomaat,Available,False,2023-12-12 15:16:34
3132002,01,910558,Geldautomaat,Available,False,2023-12-12 15:16:34
3135002,01,920345,Geldautomaat,Available,False,2023-12-12 15:16:34
3136001,01,810288,Geld storten en opnemen,Available,False,2023-12-12 15:16:35
3136001,02,913945,Geldautomaat,Available,False,2023-12-12 15:16:35
3136002,01,913089,Geldautomaat,Available,False,2023-12-12 15:16:35
3137001,01,911882,Geldautomaat,Available,False,2023-12-12 15:16:36
3137002,01,812584,Geld storten en opnemen,Available,True,2023-12-12 15:16:36
3141001,01,910516,Geldautomaat,Available,False,2023-12-12 15:16:37
3141002,01,810068,Geld storten en opnemen,Available,True,2023-12-12 15:16:37
3141003,01,911425,Geldautomaat,Available,False,2023-12-12 15:16:37
3142001,01,910517,Geldautomaat,Available,False,2023-12-12 15:16:38
3144001,01,912600,Geldautomaat,Available,False,2023-12-12 15:16:38
3144004,01,812125,Geld storten en opnemen,Available,True,2023-12-12 15:16:39
3151001,01,913936,Geldautomaat,Available,False,2023-12-12 15:16:39
3151002,01,911685,Geldautomaat,Available,False,2023-12-12 15:16:40
3151003,01,810181,Geld storten en opnemen,Available,True,2023-12-12 15:16:40
3151005,01,812567,Geld storten en opnemen,Available,True,2023-12-12 15:16:40
3155001,01,910541,Geldautomaat,Available,False,2023-12-12 15:16:41
3161002,01,911757,Geldautomaat,Available,False,2023-12-12 15:16:41
3161004,01,811875,Geld storten en opnemen,Available,True,2023-12-12 15:16:42
3162001,01,911269,Geldautomaat,Available,False,2023-12-12 15:16:42
3162002,01,911270,Geldautomaat,Available,False,2023-12-12 15:16:43
3171001,01,910104,Geldautomaat,Available,False,2023-12-12 15:16:43
3181001,01,812223,Geld storten en opnemen,Available,False,2023-12-12 15:16:44
3181002,01,911767,Geldautomaat,Available,False,2023-12-12 15:16:44
3181003,01,610170,Sealbag-automaat,Available,False,2023-12-12 15:16:44
3181003,02,911768,Geldautomaat,Available,False,2023-12-12 15:16:44
3181005,01,812577,Geld storten en opnemen,Available,True,2023-12-12 15:16:45
3191001,01,611505,Sealbag-automaat,Available,False,2023-12-12 15:16:45
3191001,02,810377,Geld storten en opnemen,Available,True,2023-12-12 15:16:45
3191001,03,810376,Geld storten en opnemen,Available,False,2023-12-12 15:16:45
3191002,01,912115,Geldautomaat,Available,False,2023-12-12 15:16:46
3191005,01,811537,Geld storten en opnemen,Available,True,2023-12-12 15:16:47
3192001,01,811317,Geld storten en opnemen,Available,True,2023-12-12 15:16:47
3192002,01,914876,Geldautomaat,Available,False,2023-12-12 15:16:48
3195001,01,920306,Geldautomaat,Available,False,2023-12-12 15:16:48
3195001,02,610284,Sealbag-automaat,Available,False,2023-12-12 15:16:48
3201001,01,811661,Geld storten en opnemen,Available,True,2023-12-12 15:16:48
3201001,02,611299,Sealbag-automaat,Available,False,2023-12-12 15:16:48
3201002,01,911804,Geldautomaat,Available,False,2023-12-12 15:16:49
3201004,01,911806,Geldautomaat,Available,False,2023-12-12 15:16:50
3201008,01,811576,Geld storten en opnemen,Available,True,2023-12-12 15:16:50
3202001,01,911285,Geldautomaat,Available,False,2023-12-12 15:16:51
3204001,01,911283,Geldautomaat,Available,False,2023-12-12 15:16:51
3205001,01,910115,Geldautomaat,Available,False,2023-12-12 15:16:51
3206002,01,911472,Geldautomaat,Available,False,2023-12-12 15:16:52
3207001,01,920275,Geldautomaat,Available,False,2023-12-12 15:16:52
3214001,01,810052,Geld storten en opnemen,Available,True,2023-12-12 15:16:53
3221001,01,911266,Geldautomaat,Available,False,2023-12-12 15:16:54
3221003,01,812586,Geld storten en opnemen,Available,True,2023-12-12 15:16:55
3223001,01,910107,Geldautomaat,Available,False,2023-12-12 15:16:55
3224001,01,913924,Geldautomaat,Available,False,2023-12-12 15:16:56
3224002,01,912316,Geldautomaat,Available,False,2023-12-12 15:16:56
3224003,01,810512,Geld storten en opnemen,Available,True,2023-12-12 15:16:56
3224003,02,610404,Sealbag-automaat,Available,False,2023-12-12 15:16:56
3224003,03,912317,Geldautomaat,Available,False,2023-12-12 15:16:56
3224005,01,811134,Geld storten en opnemen,Available,True,2023-12-12 15:16:57
3225001,01,910108,Geldautomaat,Available,False,2023-12-12 15:16:57
3227001,01,910110,Geldautomaat,Available,False,2023-12-12 15:16:58
3231002,01,911596,Geldautomaat,Available,False,2023-12-12 15:16:58
3231003,01,911597,Geldautomaat,Available,False,2023-12-12 15:16:59
3232001,01,920326,Geldautomaat,Available,False,2023-12-12 15:16:59
3232003,01,812633,Geld storten en opnemen,Available,True,2023-12-12 15:17:00
3233001,01,810215,Geld storten en opnemen,Available,True,2023-12-12 15:17:00
3233002,01,911750,Geldautomaat,Available,False,2023-12-12 15:17:01
3235001,01,911763,Geldautomaat,Available,False,2023-12-12 15:17:01
3235003,01,812015,Geld storten en opnemen,Available,True,2023-12-12 15:17:02
3241002,01,912390,Geldautomaat,Unavailable,False,2023-12-12 15:17:02
3241004,01,811146,Geld storten en opnemen,Available,True,2023-12-12 15:17:03
3243001,01,920139,Geldautomaat,Available,False,2023-12-12 15:17:03
3244001,01,920143,Geldautomaat,Available,False,2023-12-12 15:17:03
3245001,01,911281,Geldautomaat,Available,False,2023-12-12 15:17:04
3247001,01,911899,Geldautomaat,Available,False,2023-12-12 15:17:04
3247001,02,610239,Sealbag-automaat,Available,False,2023-12-12 15:17:04
3248001,01,910257,Geldautomaat,Available,False,2023-12-12 15:17:05
3249001,01,920144,Geldautomaat,Available,False,2023-12-12 15:17:05
3251002,01,920079,Geldautomaat,Available,False,2023-12-12 15:17:06
3253001,01,611015,Sealbag-automaat,Available,False,2023-12-12 15:17:06
3253002,01,911752,Geldautomaat,Available,False,2023-12-12 15:17:07
3253003,01,811732,Geld storten en opnemen,Available,True,2023-12-12 15:17:07
3255001,01,911753,Geldautomaat,Available,False,2023-12-12 15:17:07
3255002,01,810219,Geld storten en opnemen,Available,True,2023-12-12 15:17:08
3257001,01,910238,Geldautomaat,Available,False,2023-12-12 15:17:08
3258001,01,920392,Geldautomaat,Available,False,2023-12-12 15:17:09
3262001,01,811736,Geld storten en opnemen,Available,True,2023-12-12 15:17:09
3262001,02,611235,Sealbag-automaat,Available,False,2023-12-12 15:17:09
3262002,01,912022,Geldautomaat,Available,False,2023-12-12 15:17:10
3262004,01,812987,Geld storten en opnemen,Available,True,2023-12-12 15:17:10
3262005,01,811561,Geld storten en opnemen,Available,True,2023-12-12 15:17:10
3264001,01,910237,Geldautomaat,Available,False,2023-12-12 15:17:11
3271001,01,910236,Geldautomaat,Available,False,2023-12-12 15:17:11
3274002,01,813093,Geld storten en opnemen,Unavailable,False,2023-12-12 15:17:12
3281001,01,911732,Geldautomaat,Available,False,2023-12-12 15:17:12
3281002,01,810204,Geld storten en opnemen,Available,True,2023-12-12 15:17:13
3281002,02,610152,Sealbag-automaat,Available,False,2023-12-12 15:17:13
3284001,01,911260,Geldautomaat,Available,False,2023-12-12 15:17:13
3291001,01,911817,Geldautomaat,Available,False,2023-12-12 15:17:13
3291002,01,610193,Sealbag-automaat,Available,False,2023-12-12 15:17:14
3291002,02,911818,Geldautomaat,Available,False,2023-12-12 15:17:14
3295001,01,911770,Geldautomaat,Available,False,2023-12-12 15:17:14
3295002,01,810233,Geld storten en opnemen,Available,False,2023-12-12 15:17:15
3297001,01,910240,Geldautomaat,Available,False,2023-12-12 15:17:15
3297002,01,920431,Geldautomaat,Available,False,2023-12-12 15:17:16
3297002,02,611493,Sealbag-automaat,Available,False,2023-12-12 15:17:16
3311002,01,911618,Geldautomaat,Available,False,2023-12-12 15:17:17
3311003,01,911619,Geldautomaat,Available,False,2023-12-12 15:17:17
3311005,01,913277,Geldautomaat,Available,False,2023-12-12 15:17:18
3311009,01,812064,Geld storten en opnemen,Available,True,2023-12-12 15:17:19
3312001,01,913887,Geldautomaat,Available,False,2023-12-12 15:17:19
3314001,01,920447,Geldautomaat,Available,False,2023-12-12 15:17:19
3315002,01,910323,Geldautomaat,Available,False,2023-12-12 15:17:20
3315003,01,910324,Geldautomaat,Available,False,2023-12-12 15:17:20
3315004,01,910056,Geldautomaat,Available,False,2023-12-12 15:17:21
3317001,01,812665,Geld storten en opnemen,Unavailable,True,2023-12-12 15:17:21
3317003,01,920211,Geldautomaat,Unavailable,False,2023-12-12 15:17:22
3317007,01,812413,Geld storten en opnemen,Available,True,2023-12-12 15:17:22
3317008,01,812677,Geld storten en opnemen,Available,True,2023-12-12 15:17:22
3318001,01,810020,Geld storten en opnemen,Available,True,2023-12-12 15:17:23
3318001,02,914706,Geldautomaat,Available,False,2023-12-12 15:17:23
3318002,01,920063,Geldautomaat,Unavailable,False,2023-12-12 15:17:23
3318002,02,920056,Geldautomaat,Available,False,2023-12-12 15:17:23
3319001,01,813006,Geld storten en opnemen,Available,True,2023-12-12 15:17:24
3319002,01,610236,Sealbag-automaat,Available,False,2023-12-12 15:17:24
3319002,02,920350,Geldautomaat,Available,False,2023-12-12 15:17:24
3331001,01,910326,Geldautomaat,Available,False,2023-12-12 15:17:25
3332002,01,913861,Geldautomaat,Available,False,2023-12-12 15:17:25
3332003,01,912544,Geldautomaat,Available,False,2023-12-12 15:17:25
3332006,01,610711,Sealbag-automaat,Available,False,2023-12-12 15:17:26
3332006,02,920343,Geldautomaat,Available,False,2023-12-12 15:17:26
3332006,03,811220,Geld storten en opnemen,Available,True,2023-12-12 15:17:26
3332007,01,811634,Geld storten en opnemen,Unavailable,True,2023-12-12 15:17:26
3333001,01,810054,Geld storten en opnemen,Available,True,2023-12-12 15:17:27
3333002,01,911407,Geldautomaat,Available,False,2023-12-12 15:17:27
3335001,01,910260,Geldautomaat,Available,False,2023-12-12 15:17:28
3335002,01,910261,Geldautomaat,Available,False,2023-12-12 15:17:28
3341002,01,812691,Geld storten en opnemen,Available,True,2023-12-12 15:17:29
3342001,01,910359,Geldautomaat,Available,False,2023-12-12 15:17:29
3343001,01,920351,Geldautomaat,Available,False,2023-12-12 15:17:29
3344001,01,914045,Geldautomaat,Available,False,2023-12-12 15:17:30
3344002,01,811628,Geld storten en opnemen,Available,True,2023-12-12 15:17:30
3351001,01,910834,Geldautomaat,Available,False,2023-12-12 15:17:31
3353001,01,914685,Geldautomaat,Available,False,2023-12-12 15:17:31
3353001,02,611154,Sealbag-automaat,Available,False,2023-12-12 15:17:31
3353001,03,812159,Geld storten en opnemen,Available,True,2023-12-12 15:17:31
3353005,01,810585,Geld storten en opnemen,Unavailable,False,2023-12-12 15:17:32
3353006,01,812627,Geld storten en opnemen,Available,True,2023-12-12 15:17:32
3355001,01,910372,Geldautomaat,Unavailable,False,2023-12-12 15:17:33
3355002,01,910373,Geldautomaat,Available,False,2023-12-12 15:17:33
3362001,01,810239,Geld storten en opnemen,Available,False,2023-12-12 15:17:34
3362001,02,914749,Geldautomaat,Available,False,2023-12-12 15:17:34
3362002,01,911797,Geldautomaat,Available,False,2023-12-12 15:17:34
3362004,01,811810,Geld storten en opnemen,Available,True,2023-12-12 15:17:34
3371001,01,911460,Geldautomaat,Available,False,2023-12-12 15:17:35
3371002,01,812392,Geld storten en opnemen,Available,True,2023-12-12 15:17:35
3371002,02,920567,Geldautomaat,Available,False,2023-12-12 15:17:35
3371003,01,812608,Geld storten en opnemen,Available,True,2023-12-12 15:17:36
3372001,01,910753,Geldautomaat,Available,False,2023-12-12 15:17:36
3381001,01,920568,Geldautomaat,Available,False,2023-12-12 15:17:37
3381001,02,610667,Sealbag-automaat,Available,False,2023-12-12 15:17:37
3401001,01,912361,Geldautomaat,Available,False,2023-12-12 15:17:37
3401002,01,920053,Geldautomaat,Unavailable,False,2023-12-12 15:17:38
3401003,01,910837,Geldautomaat,Available,False,2023-12-12 15:17:38
3401006,01,610948,Sealbag-automaat,Available,False,2023-12-12 15:17:39
3401006,02,811416,Geld storten en opnemen,Available,True,2023-12-12 15:17:39
3401006,03,913584,Geldautomaat,Available,False,2023-12-12 15:17:39
3401008,01,811415,Geld storten en opnemen,Available,False,2023-12-12 15:17:39
3402001,01,920391,Geldautomaat,Available,False,2023-12-12 15:17:40
3404001,01,920087,Geldautomaat,Available,False,2023-12-12 15:17:40
3405001,01,920140,Geldautomaat,Unavailable,False,2023-12-12 15:17:40
3411001,01,811418,Geld storten en opnemen,Available,True,2023-12-12 15:17:41
3411002,01,920387,Geldautomaat,Available,False,2023-12-12 15:17:41
3411002,02,610588,Sealbag-automaat,Available,False,2023-12-12 15:17:41
3417001,01,911716,Geldautomaat,Available,False,2023-12-12 15:17:42
3417003,01,811553,Geld storten en opnemen,Available,True,2023-12-12 15:17:42
3421001,01,811164,Geld storten en opnemen,Available,True,2023-12-12 15:17:43
3421002,01,610595,Sealbag-automaat,Available,False,2023-12-12 15:17:43
3421002,02,912709,Geldautomaat,Available,False,2023-12-12 15:17:43
3431001,01,912405,Geldautomaat,Available,False,2023-12-12 15:17:44
3431003,01,920020,Geldautomaat,Available,False,2023-12-12 15:17:44
3431006,01,611108,Sealbag-automaat,Available,False,2023-12-12 15:17:45
3431006,02,811932,Geld storten en opnemen,Available,True,2023-12-12 15:17:45
3431008,01,812044,Geld storten en opnemen,Available,True,2023-12-12 15:17:45
3431009,01,812224,Geld storten en opnemen,Available,True,2023-12-12 15:17:46
3432001,01,910811,Geldautomaat,Available,False,2023-12-12 15:17:46
3433001,01,920075,Geldautomaat,Available,False,2023-12-12 15:17:47
3434001,01,910799,Geldautomaat,Available,False,2023-12-12 15:17:47
3434002,01,920076,Geldautomaat,Available,False,2023-12-12 15:17:48
3437001,01,910792,Geldautomaat,Available,False,2023-12-12 15:17:48
3437002,01,911980,Geldautomaat,Available,False,2023-12-12 15:17:48
3437003,01,913456,Geldautomaat,Available,False,2023-12-12 15:17:49
3437004,01,811275,Geld storten en opnemen,Available,True,2023-12-12 15:17:49
3441001,01,912515,Geldautomaat,Available,False,2023-12-12 15:17:50
3441002,01,610504,Sealbag-automaat,Available,False,2023-12-12 15:17:50
3441002,02,812861,Geld storten en opnemen,Available,True,2023-12-12 15:17:50
3441005,01,812993,Geld storten en opnemen,Available,True,2023-12-12 15:17:51
3443001,01,920517,Geldautomaat,Available,False,2023-12-12 15:17:51
3446001,01,910918,Geldautomaat,Unavailable,False,2023-12-12 15:17:51
3448001,01,920071,Geldautomaat,Available,False,2023-12-12 15:17:52
3448001,02,920077,Geldautomaat,Available,False,2023-12-12 15:17:52
3451001,01,912642,Geldautomaat,Available,False,2023-12-12 15:17:52
3451002,01,811468,Geld storten en opnemen,Available,True,2023-12-12 15:17:53
3451003,01,811389,Geld storten en opnemen,Available,True,2023-12-12 15:17:53
3452001,01,911840,Geldautomaat,Available,False,2023-12-12 15:17:54
3453001,01,910915,Geldautomaat,Available,False,2023-12-12 15:17:54
3454001,01,810359,Geld storten en opnemen,Available,True,2023-12-12 15:17:55
3454001,02,610325,Sealbag-automaat,Available,False,2023-12-12 15:17:55
3454002,01,912088,Geldautomaat,Available,False,2023-12-12 15:17:55
3461001,01,920141,Geldautomaat,Available,False,2023-12-12 15:17:56
3471001,01,920096,Geldautomaat,Available,False,2023-12-12 15:17:56
3474001,01,910920,Geldautomaat,Unavailable,False,2023-12-12 15:17:56
3481001,01,811127,Geld storten en opnemen,Available,True,2023-12-12 15:17:57
3481002,01,912687,Geldautomaat,Available,False,2023-12-12 15:17:57
3511003,01,910858,Geldautomaat,Available,False,2023-12-12 15:17:58
3511004,01,910859,Geldautomaat,Available,False,2023-12-12 15:17:58
3511005,01,912463,Geldautomaat,Available,False,2023-12-12 15:17:59
3511007,01,912894,Geldautomaat,Available,False,2023-12-12 15:17:59
3511011,01,913524,Geldautomaat,Available,False,2023-12-12 15:18:00
3511011,02,912475,Geldautomaat,Available,False,2023-12-12 15:18:00
3511011,03,912474,Geldautomaat,Available,False,2023-12-12 15:18:00
3511013,01,913525,Geldautomaat,Available,False,2023-12-12 15:18:00
3511013,02,811194,Geld storten en opnemen,Available,True,2023-12-12 15:18:00
3511014,01,611497,Sealbag-automaat,Available,False,2023-12-12 15:18:00
3511014,02,930003,Geldautomaat,Available,False,2023-12-12 15:18:00
3511014,03,813094,Geld storten en opnemen,Available,True,2023-12-12 15:18:00
3511015,01,813096,Geld storten en opnemen,Unavailable,True,2023-12-12 15:18:01
3511015,02,813097,Geld storten en opnemen,Available,True,2023-12-12 15:18:01
3511015,03,813098,Geld storten en opnemen,Unavailable,False,2023-12-12 15:18:01
3511015,04,813099,Geld storten en opnemen,Available,True,2023-12-12 15:18:01
3511015,05,813095,Geld storten en opnemen,Unavailable,False,2023-12-12 15:18:01
3512001,01,910860,Geldautomaat,Available,False,2023-12-12 15:18:01
3512003,01,913815,Geldautomaat,Available,False,2023-12-12 15:18:02
3512005,01,813032,Geld storten en opnemen,Available,True,2023-12-12 15:18:02
3513001,01,910935,Geldautomaat,Available,False,2023-12-12 15:18:03
3513002,01,910936,Geldautomaat,Unavailable,False,2023-12-12 15:18:03
3514001,01,910917,Geldautomaat,Available,False,2023-12-12 15:18:04
3521001,01,910843,Geldautomaat,Available,False,2023-12-12 15:18:04
3523002,01,912807,Geldautomaat,Available,False,2023-12-12 15:18:05
3523003,01,811300,Geld storten en opnemen,Available,True,2023-12-12 15:18:05
3524001,01,912778,Geldautomaat,Available,False,2023-12-12 15:18:05
3524002,01,811452,Geld storten en opnemen,Available,True,2023-12-12 15:18:06
3525001,01,910933,Geldautomaat,Available,False,2023-12-12 15:18:06
3527001,01,810314,Geld storten en opnemen,Available,True,2023-12-12 15:18:07
3527001,02,810315,Geld storten en opnemen,Available,True,2023-12-12 15:18:07
3527002,01,911948,Geldautomaat,Available,False,2023-12-12 15:18:07
3527003,01,911949,Geldautomaat,Available,False,2023-12-12 15:18:08
3527005,01,811622,Geld storten en opnemen,Available,True,2023-12-12 15:18:08
3531001,01,911400,Geldautomaat,Available,False,2023-12-12 15:18:08
3531002,01,810039,Geld storten en opnemen,Available,True,2023-12-12 15:18:09
3531002,02,810040,Geld storten en opnemen,Available,True,2023-12-12 15:18:09
3531002,03,911401,Geldautomaat,Available,False,2023-12-12 15:18:09
3533002,01,910871,Geldautomaat,Unavailable,False,2023-12-12 15:18:09
3541003,01,810742,Geld storten en opnemen,Available,True,2023-12-12 15:18:10
3541005,01,812070,Geld storten en opnemen,Available,True,2023-12-12 15:18:10
3541005,02,914261,Geldautomaat,Available,False,2023-12-12 15:18:10
3543001,01,910911,Geldautomaat,Unavailable,False,2023-12-12 15:18:11
3544002,01,812376,Geld storten en opnemen,Available,True,2023-12-12 15:18:11
3551001,01,912627,Geldautomaat,Available,False,2023-12-12 15:18:11
3551003,01,810731,Geld storten en opnemen,Available,True,2023-12-12 15:18:12
3554001,01,811292,Geld storten en opnemen,Available,True,2023-12-12 15:18:12
3554002,01,912799,Geldautomaat,Available,False,2023-12-12 15:18:13
3554003,01,910912,Geldautomaat,Available,False,2023-12-12 15:18:13
3561001,01,910992,Geldautomaat,Available,False,2023-12-12 15:18:14
3562001,01,811720,Geld storten en opnemen,Unavailable,False,2023-12-12 15:18:14
3562001,02,810341,Geld storten en opnemen,Available,True,2023-12-12 15:18:14
3562002,01,912041,Geldautomaat,Available,False,2023-12-12 15:18:15
3562003,01,912042,Geldautomaat,Unavailable,False,2023-12-12 15:18:15
3562003,02,912043,Geldautomaat,Available,False,2023-12-12 15:18:15
3562003,03,811912,Geld storten en opnemen,Unavailable,False,2023-12-12 15:18:15
3562003,04,610297,Sealbag-automaat,Available,False,2023-12-12 15:18:15
3562005,01,811463,Geld storten en opnemen,Available,True,2023-12-12 15:18:15
3562006,01,920509,Geldautomaat,Available,False,2023-12-12 15:18:16
3562006,02,611459,Sealbag-automaat,Available,False,2023-12-12 15:18:16
3562006,03,812945,Geld storten en opnemen,Available,True,2023-12-12 15:18:16
3562007,01,812948,Geld storten en opnemen,Available,True,2023-12-12 15:18:16
3562007,02,812950,Geld storten en opnemen,Available,True,2023-12-12 15:18:16
3562007,03,812949,Geld storten en opnemen,Available,True,2023-12-12 15:18:16
3562007,04,812947,Geld storten en opnemen,Available,True,2023-12-12 15:18:16
3562007,05,812946,Geld storten en opnemen,Available,True,2023-12-12 15:18:16
3563001,01,911001,Geldautomaat,Available,False,2023-12-12 15:18:17
3564001,01,930012,Geldautomaat,Unavailable,False,2023-12-12 15:18:17
3571002,01,910966,Geldautomaat,Available,False,2023-12-12 15:18:18
3572001,01,810722,Geld storten en opnemen,Available,True,2023-12-12 15:18:19
3581001,01,912604,Geldautomaat,Available,False,2023-12-12 15:18:19
3581002,01,912605,Geldautomaat,Available,False,2023-12-12 15:18:19
3581003,01,914726,Geldautomaat,Available,False,2023-12-12 15:18:20
3584002,01,911094,Geldautomaat,Available,False,2023-12-12 15:18:20
3584003,01,920045,Geldautomaat,Available,False,2023-12-12 15:18:21
3601001,01,911998,Geldautomaat,Available,False,2023-12-12 15:18:21
3601002,01,920259,Geldautomaat,Unavailable,False,2023-12-12 15:18:22
3601002,02,610285,Sealbag-automaat,Available,False,2023-12-12 15:18:22
3603001,01,811670,Geld storten en opnemen,Available,True,2023-12-12 15:18:22
3605003,01,911704,Geldautomaat,Available,False,2023-12-12 15:18:22
3605005,01,811495,Geld storten en opnemen,Available,True,2023-12-12 15:18:23
3605006,01,812750,Geld storten en opnemen,Available,True,2023-12-12 15:18:23
3607001,01,911008,Geldautomaat,Available,False,2023-12-12 15:18:24
3615001,01,920368,Geldautomaat,Available,False,2023-12-12 15:18:24
3621003,01,912084,Geldautomaat,Available,False,2023-12-12 15:18:25
3621004,01,611378,Sealbag-automaat,Available,False,2023-12-12 15:18:25
3621004,02,813050,Geld storten en opnemen,Available,True,2023-12-12 15:18:25
3628001,01,930011,Geldautomaat,Available,False,2023-12-12 15:18:25
3641002,01,912403,Geldautomaat,Available,False,2023-12-12 15:18:26
3641003,01,910990,Geldautomaat,Available,False,2023-12-12 15:18:26
3641007,01,811552,Geld storten en opnemen,Available,True,2023-12-12 15:18:27
3641008,01,611339,Sealbag-automaat,Available,False,2023-12-12 15:18:27
3641008,02,812397,Geld storten en opnemen,Available,True,2023-12-12 15:18:27
3645001,01,811200,Geld storten en opnemen,Available,True,2023-12-12 15:18:28
3645002,01,910982,Geldautomaat,Available,False,2023-12-12 15:18:28
3701001,01,911867,Geldautomaat,Available,False,2023-12-12 15:18:29
3701002,01,812375,Geld storten en opnemen,Available,True,2023-12-12 15:18:29
3701002,02,610226,Sealbag-automaat,Available,False,2023-12-12 15:18:29
3701007,01,811603,Geld storten en opnemen,Available,True,2023-12-12 15:18:30
3701009,01,813065,Geld storten en opnemen,Available,True,2023-12-12 15:18:30
3704001,01,910964,Geldautomaat,Available,False,2023-12-12 15:18:30
3705002,01,811310,Geld storten en opnemen,Available,True,2023-12-12 15:18:31
3705003,01,912823,Geldautomaat,Available,False,2023-12-12 15:18:31
3706001,01,910985,Geldautomaat,Available,False,2023-12-12 15:18:32
3708001,01,910983,Geldautomaat,Available,False,2023-12-12 15:18:32
3722001,01,912219,Geldautomaat,Available,False,2023-12-12 15:18:33
3722006,01,810451,Geld storten en opnemen,Available,True,2023-12-12 15:18:33
3722007,01,611349,Sealbag-automaat,Available,False,2023-12-12 15:18:34
3722007,02,914633,Geldautomaat,Available,False,2023-12-12 15:18:34
3723001,01,920547,Geldautomaat,Available,False,2023-12-12 15:18:34
3731001,01,810152,Geld storten en opnemen,Available,True,2023-12-12 15:18:34
3731002,01,911608,Geldautomaat,Available,False,2023-12-12 15:18:35
3732001,01,911607,Geldautomaat,Available,False,2023-12-12 15:18:35
3734001,01,910939,Geldautomaat,Available,False,2023-12-12 15:18:36
3738001,01,920220,Geldautomaat,Available,False,2023-12-12 15:18:36
3741001,01,911515,Geldautomaat,Available,False,2023-12-12 15:18:37
3743001,01,810118,Geld storten en opnemen,Available,True,2023-12-12 15:18:37
3743002,01,911516,Geldautomaat,Available,False,2023-12-12 15:18:38
3743004,01,811487,Geld storten en opnemen,Available,True,2023-12-12 15:18:38
3751005,01,811091,Geld storten en opnemen,Available,True,2023-12-12 15:18:39
3752001,01,911026,Geldautomaat,Available,False,2023-12-12 15:18:39
3752002,01,911027,Geldautomaat,Available,False,2023-12-12 15:18:40
3752003,01,810969,Geld storten en opnemen,Available,True,2023-12-12 15:18:40
3752003,02,610889,Sealbag-automaat,Available,False,2023-12-12 15:18:40
3752005,01,811783,Geld storten en opnemen,Available,True,2023-12-12 15:18:40
3755002,01,811545,Geld storten en opnemen,Available,True,2023-12-12 15:18:41
3761002,01,911799,Geldautomaat,Available,False,2023-12-12 15:18:41
3761006,01,811660,Geld storten en opnemen,Available,True,2023-12-12 15:18:42
3761008,01,611322,Sealbag-automaat,Available,False,2023-12-12 15:18:42
3761008,02,920412,Geldautomaat,Available,False,2023-12-12 15:18:42
3762001,01,920046,Geldautomaat,Available,False,2023-12-12 15:18:43
3765001,01,911086,Geldautomaat,Available,False,2023-12-12 15:18:43
3766001,01,911078,Geldautomaat,Available,False,2023-12-12 15:18:44
3766002,01,910002,Geldautomaat,Available,False,2023-12-12 15:18:44
3766003,01,812718,Geld storten en opnemen,Available,True,2023-12-12 15:18:45
3768001,01,913890,Geldautomaat,Available,False,2023-12-12 15:18:45
3768004,01,812662,Geld storten en opnemen,Available,True,2023-12-12 15:18:45
3769001,01,811183,Geld storten en opnemen,Available,True,2023-12-12 15:18:46
3769002,01,813083,Geld storten en opnemen,Available,True,2023-12-12 15:18:46
3771001,01,912199,Geldautomaat,Available,False,2023-12-12 15:18:47
3771004,01,810438,Geld storten en opnemen,Available,True,2023-12-12 15:18:47
3771005,01,812084,Geld storten en opnemen,Available,True,2023-12-12 15:18:48
3772002,01,611391,Sealbag-automaat,Available,False,2023-12-12 15:18:48
3772002,02,812476,Geld storten en opnemen,Available,True,2023-12-12 15:18:48
3774001,01,910012,Geldautomaat,Available,False,2023-12-12 15:18:49
3774002,01,813079,Geld storten en opnemen,Available,True,2023-12-12 15:18:49
3781002,01,811430,Geld storten en opnemen,Available,True,2023-12-12 15:18:50
3781003,01,912727,Geldautomaat,Available,False,2023-12-12 15:18:50
3785002,01,812515,Geld storten en opnemen,Available,True,2023-12-12 15:18:50
3791001,01,911029,Geldautomaat,Available,False,2023-12-12 15:18:51
3811002,01,912196,Geldautomaat,Available,False,2023-12-12 15:18:51
3811002,02,812848,Geld storten en opnemen,Available,True,2023-12-12 15:18:51
3811007,01,611451,Sealbag-automaat,Available,False,2023-12-12 15:18:52
3811007,02,812898,Geld storten en opnemen,Unavailable,False,2023-12-12 15:18:52
3811007,03,914855,Geldautomaat,Available,False,2023-12-12 15:18:52
3811008,01,812903,Geld storten en opnemen,Available,True,2023-12-12 15:18:52
3811008,02,812901,Geld storten en opnemen,Available,True,2023-12-12 15:18:52
3811008,03,812900,Geld storten en opnemen,Available,True,2023-12-12 15:18:52
3811008,04,812902,Geld storten en opnemen,Unavailable,False,2023-12-12 15:18:52
3811008,05,812899,Geld storten en opnemen,Available,True,2023-12-12 15:18:52
3812001,01,911055,Geldautomaat,Available,False,2023-12-12 15:18:53
3812002,01,911087,Geldautomaat,Available,False,2023-12-12 15:18:53
3812003,01,914862,Geldautomaat,Available,False,2023-12-12 15:18:54
3813004,01,811297,Geld storten en opnemen,Available,True,2023-12-12 15:18:54
3814001,01,811277,Geld storten en opnemen,Available,True,2023-12-12 15:18:54
3814002,01,912786,Geldautomaat,Available,False,2023-12-12 15:18:55
3814003,01,912785,Geldautomaat,Available,False,2023-12-12 15:18:55
3816001,01,911057,Geldautomaat,Available,False,2023-12-12 15:18:56
3818002,01,912777,Geldautomaat,Available,False,2023-12-12 15:18:56
3822001,01,911107,Geldautomaat,Available,False,2023-12-12 15:18:57
3823001,01,911903,Geldautomaat,Available,False,2023-12-12 15:18:57
3823003,01,911904,Geldautomaat,Available,False,2023-12-12 15:18:58
3823004,01,811616,Geld storten en opnemen,Available,True,2023-12-12 15:18:58
3823005,01,920555,Geldautomaat,Available,False,2023-12-12 15:18:58
3823005,02,812506,Geld storten en opnemen,Available,True,2023-12-12 15:18:58
3824001,01,920369,Geldautomaat,Available,False,2023-12-12 15:18:59
3825001,01,810893,Geld storten en opnemen,Available,True,2023-12-12 15:18:59
3825001,02,610797,Sealbag-automaat,Available,False,2023-12-12 15:18:59
3825002,01,912821,Geldautomaat,Available,False,2023-12-12 15:19:00
3825003,01,811309,Geld storten en opnemen,Available,True,2023-12-12 15:19:00
3828001,01,911124,Geldautomaat,Available,False,2023-12-12 15:19:01
3831001,01,911700,Geldautomaat,Available,False,2023-12-12 15:19:01
3831003,01,811339,Geld storten en opnemen,Available,True,2023-12-12 15:19:02
3831004,01,913565,Geldautomaat,Available,False,2023-12-12 15:19:02
3831005,01,812918,Geld storten en opnemen,Available,True,2023-12-12 15:19:03
3832001,01,920279,Geldautomaat,Available,False,2023-12-12 15:19:03
3841001,01,912302,Geldautomaat,Available,False,2023-12-12 15:19:03
3841002,01,912303,Geldautomaat,Available,False,2023-12-12 15:19:04
3841004,01,920296,Geldautomaat,Available,False,2023-12-12 15:19:04
3841004,02,611104,Sealbag-automaat,Available,False,2023-12-12 15:19:04
3841005,01,811521,Geld storten en opnemen,Available,True,2023-12-12 15:19:05
3841006,01,812035,Geld storten en opnemen,Available,True,2023-12-12 15:19:05
3842001,01,911181,Geldautomaat,Available,False,2023-12-12 15:19:06
3843001,01,914667,Geldautomaat,Available,False,2023-12-12 15:19:06
3844002,01,911239,Geldautomaat,Available,False,2023-12-12 15:19:07
3845001,01,911211,Geldautomaat,Available,False,2023-12-12 15:19:07
3848001,01,914805,Geldautomaat,Available,False,2023-12-12 15:19:07
3849001,01,911123,Geldautomaat,Available,False,2023-12-12 15:19:08
3851001,01,810165,Geld storten en opnemen,Available,True,2023-12-12 15:19:08
3851002,01,911639,Geldautomaat,Available,False,2023-12-12 15:19:09
3851006,01,811513,Geld storten en opnemen,Available,True,2023-12-12 15:19:09
3861001,01,810923,Geld storten en opnemen,Available,True,2023-12-12 15:19:10
3861001,02,914086,Geldautomaat,Available,False,2023-12-12 15:19:10
3861001,03,610905,Sealbag-automaat,Available,False,2023-12-12 15:19:10
3861002,01,811807,Geld storten en opnemen,Available,True,2023-12-12 15:19:10
3861003,01,811155,Geld storten en opnemen,Available,True,2023-12-12 15:19:11
3862001,01,913872,Geldautomaat,Available,False,2023-12-12 15:19:11
3862002,01,910010,Geldautomaat,Available,False,2023-12-12 15:19:11
3871001,01,810182,Geld storten en opnemen,Available,True,2023-12-12 15:19:12
3871002,01,911686,Geldautomaat,Available,False,2023-12-12 15:19:12
3871003,01,810183,Geld storten en opnemen,Available,True,2023-12-12 15:19:13
3881002,01,911739,Geldautomaat,Available,False,2023-12-12 15:19:13
3881003,01,811354,Geld storten en opnemen,Available,True,2023-12-12 15:19:14
3886001,01,911213,Geldautomaat,Available,False,2023-12-12 15:19:14
3888001,01,920313,Geldautomaat,Available,False,2023-12-12 15:19:15
3891001,01,810280,Geld storten en opnemen,Available,True,2023-12-12 15:19:15
3891002,01,911865,Geldautomaat,Available,False,2023-12-12 15:19:15
3891003,01,911866,Geldautomaat,Available,False,2023-12-12 15:19:16
3891003,02,610225,Sealbag-automaat,Available,False,2023-12-12 15:19:16
3901002,01,912465,Geldautomaat,Available,False,2023-12-12 15:19:16
3901003,01,813063,Geld storten en opnemen,Available,True,2023-12-12 15:19:17
3901003,02,920563,Geldautomaat,Available,False,2023-12-12 15:19:17
3901007,01,811585,Geld storten en opnemen,Available,True,2023-12-12 15:19:17
3901008,01,812054,Geld storten en opnemen,Available,True,2023-12-12 15:19:18
3901010,01,611202,Sealbag-automaat,Available,False,2023-12-12 15:19:18
3901012,01,914885,Geldautomaat,Unavailable,False,2023-12-12 15:19:19
3903001,01,911235,Geldautomaat,Available,False,2023-12-12 15:19:19
3904001,01,910059,Geldautomaat,Unavailable,False,2023-12-12 15:19:19
3904002,01,812659,Geld storten en opnemen,Available,True,2023-12-12 15:19:20
3905001,01,911143,Geldautomaat,Available,False,2023-12-12 15:19:20
3905002,01,920280,Geldautomaat,Unavailable,False,2023-12-12 15:19:21
3907001,01,913807,Geldautomaat,Available,False,2023-12-12 15:19:21
3911001,01,610166,Sealbag-automaat,Available,False,2023-12-12 15:19:22
3911001,02,810211,Geld storten en opnemen,Available,False,2023-12-12 15:19:22
3911002,01,911743,Geldautomaat,Available,False,2023-12-12 15:19:22
3911003,01,911230,Geldautomaat,Available,False,2023-12-12 15:19:23
3921001,01,911118,Geldautomaat,Available,False,2023-12-12 15:19:23
3925002,01,920373,Geldautomaat,Available,False,2023-12-12 15:19:24
3925003,01,811629,Geld storten en opnemen,Available,True,2023-12-12 15:19:24
3927001,01,911236,Geldautomaat,Available,False,2023-12-12 15:19:24
3931001,01,912519,Geldautomaat,Available,False,2023-12-12 15:19:25
3931002,01,811601,Geld storten en opnemen,Available,True,2023-12-12 15:19:25
3941001,01,912255,Geldautomaat,Available,False,2023-12-12 15:19:26
3941004,01,811506,Geld storten en opnemen,Available,True,2023-12-12 15:19:26
3941005,01,610386,Sealbag-automaat,Available,False,2023-12-12 15:19:27
3951003,01,912396,Geldautomaat,Available,False,2023-12-12 15:19:27
3956002,01,610130,Sealbag-automaat,Available,False,2023-12-12 15:19:28
3956002,02,911695,Geldautomaat,Available,False,2023-12-12 15:19:28
3958004,01,811047,Geld storten en opnemen,Available,True,2023-12-12 15:19:28
3961001,01,810275,Geld storten en opnemen,Available,True,2023-12-12 15:19:29
3961002,01,911859,Geldautomaat,Available,False,2023-12-12 15:19:29
3961003,01,911145,Geldautomaat,Available,False,2023-12-12 15:19:30
3961004,01,811378,Geld storten en opnemen,Available,True,2023-12-12 15:19:30
3971001,01,912258,Geldautomaat,Available,False,2023-12-12 15:19:31
3971005,01,810478,Geld storten en opnemen,Available,True,2023-12-12 15:19:31
3972001,01,912259,Geldautomaat,Available,False,2023-12-12 15:19:32
3981001,01,914635,Geldautomaat,Available,False,2023-12-12 15:19:32
3981002,01,911116,Geldautomaat,Available,False,2023-12-12 15:19:32
3984001,01,911233,Geldautomaat,Available,False,2023-12-12 15:19:33
3991001,01,911992,Geldautomaat,Available,False,2023-12-12 15:19:33
3991002,01,911993,Geldautomaat,Available,False,2023-12-12 15:19:34
3995001,01,911110,Geldautomaat,Available,False,2023-12-12 15:19:34
3995002,01,911111,Geldautomaat,Available,False,2023-12-12 15:19:35
3995003,01,912343,Geldautomaat,Available,False,2023-12-12 15:19:35
3995004,01,912344,Geldautomaat,Available,False,2023-12-12 15:19:36
3995005,01,611150,Sealbag-automaat,Available,False,2023-12-12 15:19:36
3995005,02,811976,Geld storten en opnemen,Available,False,2023-12-12 15:19:36
3995008,01,811539,Geld storten en opnemen,Available,True,2023-12-12 15:19:36
3998001,01,920021,Geldautomaat,Available,False,2023-12-12 15:19:37
4001001,01,912641,Geldautomaat,Available,False,2023-12-12 15:19:37
4001006,01,811662,Geld storten en opnemen,Available,True,2023-12-12 15:19:38
4001007,01,920342,Geldautomaat,Available,False,2023-12-12 15:19:38
4001007,02,611056,Sealbag-automaat,Available,False,2023-12-12 15:19:38
4001007,03,811883,Geld storten en opnemen,Available,True,2023-12-12 15:19:38
4003001,01,911178,Geldautomaat,Unavailable,False,2023-12-12 15:19:39
4007001,01,911177,Geldautomaat,Available,False,2023-12-12 15:19:39
4007002,01,812618,Geld storten en opnemen,Available,True,2023-12-12 15:19:39
4021002,01,914003,Geldautomaat,Available,False,2023-12-12 15:19:40
4033001,01,911127,Geldautomaat,Available,False,2023-12-12 15:19:40
4033003,01,812434,Geld storten en opnemen,Available,True,2023-12-12 15:19:41
4041001,01,920007,Geldautomaat,Available,False,2023-12-12 15:19:41
4043001,01,912412,Geldautomaat,Available,False,2023-12-12 15:19:42
4043006,01,611345,Sealbag-automaat,Available,False,2023-12-12 15:19:42
4043006,02,812412,Geld storten en opnemen,Available,True,2023-12-12 15:19:42
4051001,01,920393,Geldautomaat,Available,False,2023-12-12 15:19:43
4101001,01,911605,Geldautomaat,Available,False,2023-12-12 15:19:43
4101004,01,811499,Geld storten en opnemen,Available,True,2023-12-12 15:19:43
4101005,01,914071,Geldautomaat,Available,False,2023-12-12 15:19:44
4101005,02,611094,Sealbag-automaat,Available,False,2023-12-12 15:19:44
4102001,01,810283,Geld storten en opnemen,Available,True,2023-12-12 15:19:44
4102001,02,914793,Geldautomaat,Available,False,2023-12-12 15:19:44
4112001,01,920032,Geldautomaat,Available,False,2023-12-12 15:19:45
4116001,01,911196,Geldautomaat,Available,False,2023-12-12 15:19:45
4128001,01,920101,Geldautomaat,Available,False,2023-12-12 15:19:46
4132001,01,810265,Geld storten en opnemen,Available,True,2023-12-12 15:19:46
4132001,02,610216,Sealbag-automaat,Available,False,2023-12-12 15:19:46
4132002,01,911838,Geldautomaat,Available,False,2023-12-12 15:19:47
4132003,01,911839,Geldautomaat,Available,False,2023-12-12 15:19:47
4133001,01,912895,Geldautomaat,Unavailable,False,2023-12-12 15:19:47
4141001,01,611481,Sealbag-automaat,Available,False,2023-12-12 15:19:48
4141001,02,810532,Geld storten en opnemen,Available,True,2023-12-12 15:19:48
4141002,01,912365,Geldautomaat,Available,False,2023-12-12 15:19:48
4141007,01,811805,Geld storten en opnemen,Available,True,2023-12-12 15:19:49
4142001,01,911212,Geldautomaat,Available,False,2023-12-12 15:19:49
4145001,01,911202,Geldautomaat,Available,False,2023-12-12 15:19:50
4147001,01,920238,Geldautomaat,Available,False,2023-12-12 15:19:50
4153001,01,920034,Geldautomaat,Available,False,2023-12-12 15:19:51
4158001,01,920123,Geldautomaat,Available,False,2023-12-12 15:19:51
4161001,01,920003,Geldautomaat,Available,False,2023-12-12 15:19:51
4171001,01,920047,Geldautomaat,Available,False,2023-12-12 15:19:52
4175001,01,920378,Geldautomaat,Available,False,2023-12-12 15:19:52
4181001,01,920394,Geldautomaat,Available,False,2023-12-12 15:19:53
4191001,01,810166,Geld storten en opnemen,Available,True,2023-12-12 15:19:53
4191001,02,610109,Sealbag-automaat,Available,False,2023-12-12 15:19:53
4191002,01,911645,Geldautomaat,Available,False,2023-12-12 15:19:54
4191003,01,911646,Geldautomaat,Available,False,2023-12-12 15:19:54
4191006,01,811118,Geld storten en opnemen,Available,True,2023-12-12 15:19:55
4201001,01,913934,Geldautomaat,Available,False,2023-12-12 15:19:55
4201003,01,810491,Geld storten en opnemen,Available,True,2023-12-12 15:19:55
4204001,01,911996,Geldautomaat,Available,False,2023-12-12 15:19:56
4204002,01,920237,Geldautomaat,Available,False,2023-12-12 15:19:56
4204003,01,812595,Geld storten en opnemen,Available,True,2023-12-12 15:19:57
4204004,01,812675,Geld storten en opnemen,Available,True,2023-12-12 15:19:57
4207001,01,911228,Geldautomaat,Available,False,2023-12-12 15:19:58
4207002,01,911229,Geldautomaat,Available,False,2023-12-12 15:19:58
4208001,01,911207,Geldautomaat,Available,False,2023-12-12 15:19:58
4214001,01,920512,Geldautomaat,Available,False,2023-12-12 15:19:59
4223001,01,911037,Geldautomaat,Available,False,2023-12-12 15:19:59
4231001,01,920514,Geldautomaat,Available,False,2023-12-12 15:20:00
4231001,02,610142,Sealbag-automaat,Available,False,2023-12-12 15:20:00
4233001,01,920382,Geldautomaat,Available,False,2023-12-12 15:20:00
4241001,01,920004,Geldautomaat,Available,False,2023-12-12 15:20:01
4251001,01,912512,Geldautomaat,Available,False,2023-12-12 15:20:01
4251003,01,913121,Geldautomaat,Available,False,2023-12-12 15:20:01
4251003,02,811208,Geld storten en opnemen,Available,True,2023-12-12 15:20:01
4251003,03,610702,Sealbag-automaat,Available,False,2023-12-12 15:20:01
4254001,01,911795,Geldautomaat,Available,False,2023-12-12 15:20:02
4254002,01,913091,Geldautomaat,Available,False,2023-12-12 15:20:02
4255001,01,920383,Geldautomaat,Available,False,2023-12-12 15:20:03
4261003,01,611022,Sealbag-automaat,Available,False,2023-12-12 15:20:03
4261003,02,811763,Geld storten en opnemen,Available,True,2023-12-12 15:20:03
4261003,03,913748,Geldautomaat,Available,False,2023-12-12 15:20:03
4261004,01,812925,Geld storten en opnemen,Available,True,2023-12-12 15:20:04
4264001,01,920480,Geldautomaat,Available,False,2023-12-12 15:20:04
4265001,01,920057,Geldautomaat,Available,False,2023-12-12 15:20:04
4271001,01,920346,Geldautomaat,Available,False,2023-12-12 15:20:05
4273001,01,913096,Geldautomaat,Available,False,2023-12-12 15:20:05
4281001,01,930004,Geldautomaat,Available,False,2023-12-12 15:20:06
4284002,01,913098,Geldautomaat,Unavailable,False,2023-12-12 15:20:06
4285001,01,920347,Geldautomaat,Available,False,2023-12-12 15:20:07
4286001,01,911493,Geldautomaat,Available,False,2023-12-12 15:20:07
4286003,01,913100,Geldautomaat,Available,False,2023-12-12 15:20:07
4286003,02,811061,Geld storten en opnemen,Available,True,2023-12-12 15:20:07
4286003,03,610697,Sealbag-automaat,Available,False,2023-12-12 15:20:07
4301001,01,912534,Geldautomaat,Available,False,2023-12-12 15:20:08
4301006,01,913534,Geldautomaat,Available,False,2023-12-12 15:20:08
4301006,02,610924,Sealbag-automaat,Available,False,2023-12-12 15:20:08
4301007,01,914746,Geldautomaat,Available,False,2023-12-12 15:20:09
4306001,01,910035,Geldautomaat,Unavailable,False,2023-12-12 15:20:09
4307001,01,911076,Geldautomaat,Available,False,2023-12-12 15:20:10
4311001,01,911598,Geldautomaat,Available,False,2023-12-12 15:20:10
4311003,01,812862,Geld storten en opnemen,Available,True,2023-12-12 15:20:10
4318001,01,911033,Geldautomaat,Available,False,2023-12-12 15:20:11
4322001,01,920340,Geldautomaat,Available,False,2023-12-12 15:20:11
4325001,01,610056,Sealbag-automaat,Available,False,2023-12-12 15:20:12
4325001,02,911525,Geldautomaat,Available,False,2023-12-12 15:20:12
4328001,01,911028,Geldautomaat,Available,False,2023-12-12 15:20:12
4328002,01,610582,Sealbag-automaat,Available,False,2023-12-12 15:20:13
4328002,02,914068,Geldautomaat,Available,False,2023-12-12 15:20:13
4331001,01,914677,Geldautomaat,Available,False,2023-12-12 15:20:13
4331003,01,911072,Geldautomaat,Unavailable,False,2023-12-12 15:20:14
4331005,01,914325,Geldautomaat,Available,False,2023-12-12 15:20:14
4331005,02,914187,Geldautomaat,Available,False,2023-12-12 15:20:14
4331009,01,812043,Geld storten en opnemen,Available,True,2023-12-12 15:20:14
4331010,01,920446,Geldautomaat,Available,False,2023-12-12 15:20:15
4331010,02,812904,Geld storten en opnemen,Available,True,2023-12-12 15:20:15
4331010,03,611452,Sealbag-automaat,Available,False,2023-12-12 15:20:15
4331011,01,812906,Geld storten en opnemen,Available,True,2023-12-12 15:20:15
4331011,02,812909,Geld storten en opnemen,Unavailable,False,2023-12-12 15:20:15
4331011,03,812907,Geld storten en opnemen,Available,True,2023-12-12 15:20:15
4331011,04,812908,Geld storten en opnemen,Available,True,2023-12-12 15:20:15
4331011,05,812905,Geld storten en opnemen,Available,True,2023-12-12 15:20:15
4332001,01,911096,Geldautomaat,Available,False,2023-12-12 15:20:16
4335001,01,812853,Geld storten en opnemen,Available,True,2023-12-12 15:20:16
4336001,01,910016,Geldautomaat,Available,False,2023-12-12 15:20:17
4337001,01,913971,Geldautomaat,Available,False,2023-12-12 15:20:17
4337003,01,812467,Geld storten en opnemen,Available,True,2023-12-12 15:20:18
4341001,01,812390,Geld storten en opnemen,Unavailable,True,2023-12-12 15:20:18
4341002,01,812705,Geld storten en opnemen,Available,True,2023-12-12 15:20:18
4351001,01,810016,Geld storten en opnemen,Available,True,2023-12-12 15:20:19
4353003,01,913572,Geldautomaat,Available,False,2023-12-12 15:20:19
4354001,01,810017,Geld storten en opnemen,Available,True,2023-12-12 15:20:20
4356001,01,920565,Geldautomaat,Available,False,2023-12-12 15:20:20
4356001,02,610160,Sealbag-automaat,Available,False,2023-12-12 15:20:20
4357001,01,912091,Geldautomaat,Available,False,2023-12-12 15:20:21
4357002,01,914597,Geldautomaat,Available,False,2023-12-12 15:20:21
4357002,02,611327,Sealbag-automaat,Available,False,2023-12-12 15:20:21
4357002,03,810371,Geld storten en opnemen,Available,True,2023-12-12 15:20:21
4357004,01,813090,Geld storten en opnemen,Available,True,2023-12-12 15:20:21
4361001,01,911856,Geldautomaat,Available,False,2023-12-12 15:20:22
4361001,02,610221,Sealbag-automaat,Available,False,2023-12-12 15:20:22
4371001,01,610129,Sealbag-automaat,Available,False,2023-12-12 15:20:22
4371001,02,920566,Geldautomaat,Available,False,2023-12-12 15:20:22
4374001,01,610013,Sealbag-automaat,Available,False,2023-12-12 15:20:23
4374001,02,920312,Geldautomaat,Available,False,2023-12-12 15:20:23
4381001,01,610498,Sealbag-automaat,Available,False,2023-12-12 15:20:23
4381001,02,810631,Geld storten en opnemen,Available,False,2023-12-12 15:20:23
4381001,03,810630,Geld storten en opnemen,Available,True,2023-12-12 15:20:23
4381002,01,912492,Geldautomaat,Available,False,2023-12-12 15:20:24
4381003,01,912493,Geldautomaat,Available,False,2023-12-12 15:20:24
4381006,01,811592,Geld storten en opnemen,Available,True,2023-12-12 15:20:25
4383001,01,913698,Geldautomaat,Available,False,2023-12-12 15:20:25
4383002,01,911157,Geldautomaat,Available,False,2023-12-12 15:20:26
4384001,01,911174,Geldautomaat,Available,False,2023-12-12 15:20:26
4384001,02,911175,Geldautomaat,Available,False,2023-12-12 15:20:26
4388001,01,911736,Geldautomaat,Available,False,2023-12-12 15:20:26
4388001,02,911737,Geldautomaat,Available,False,2023-12-12 15:20:26
4388002,01,812844,Geld storten en opnemen,Available,True,2023-12-12 15:20:27
4401001,01,610232,Sealbag-automaat,Available,False,2023-12-12 15:20:27
4401001,02,810277,Geld storten en opnemen,Available,True,2023-12-12 15:20:27
4401002,01,911861,Geldautomaat,Available,False,2023-12-12 15:20:28
4411001,01,911133,Geldautomaat,Available,False,2023-12-12 15:20:28
4413001,01,810188,Geld storten en opnemen,Available,True,2023-12-12 15:20:29
4413002,01,812188,Geld storten en opnemen,Available,True,2023-12-12 15:20:29
4416001,01,920573,Geldautomaat,Available,False,2023-12-12 15:20:30
4417001,01,911158,Geldautomaat,Available,False,2023-12-12 15:20:30
4421001,01,911692,Geldautomaat,Available,False,2023-12-12 15:20:30
4421002,01,810187,Geld storten en opnemen,Available,False,2023-12-12 15:20:31
4421005,01,812569,Geld storten en opnemen,Available,True,2023-12-12 15:20:31
4424001,01,920574,Geldautomaat,Available,False,2023-12-12 15:20:32
4431001,01,911134,Geldautomaat,Unavailable,False,2023-12-12 15:20:32
4441001,01,911234,Geldautomaat,Available,False,2023-12-12 15:20:33
4451001,01,810789,Geld storten en opnemen,Unavailable,False,2023-12-12 15:20:33
4451001,02,610586,Sealbag-automaat,Available,False,2023-12-12 15:20:33
4451002,01,811133,Geld storten en opnemen,Available,True,2023-12-12 15:20:33
4453001,01,910017,Geldautomaat,Available,False,2023-12-12 15:20:34
4461001,01,812994,Geld storten en opnemen,Available,False,2023-12-12 15:20:34
4461002,01,911457,Geldautomaat,Available,False,2023-12-12 15:20:35
4461003,01,911458,Geldautomaat,Available,False,2023-12-12 15:20:35
4461004,01,610023,Sealbag-automaat,Available,False,2023-12-12 15:20:36
4461004,02,920284,Geldautomaat,Available,False,2023-12-12 15:20:36
4461008,01,811516,Geld storten en opnemen,Available,True,2023-12-12 15:20:36
4462001,01,911195,Geldautomaat,Available,False,2023-12-12 15:20:37
4463001,01,911209,Geldautomaat,Available,False,2023-12-12 15:20:38
4463002,01,913679,Geldautomaat,Available,False,2023-12-12 15:20:38
4471001,01,911244,Geldautomaat,Available,False,2023-12-12 15:20:38
4484001,01,810028,Geld storten en opnemen,Available,True,2023-12-12 15:20:39
4484001,02,611329,Sealbag-automaat,Available,False,2023-12-12 15:20:39
4486001,01,920145,Geldautomaat,Unavailable,False,2023-12-12 15:20:39
4491001,01,920147,Geldautomaat,Unavailable,False,2023-12-12 15:20:40
4493001,01,810036,Geld storten en opnemen,Available,True,2023-12-12 15:20:40
4493001,02,610709,Sealbag-automaat,Available,False,2023-12-12 15:20:40
4501001,01,610157,Sealbag-automaat,Available,False,2023-12-12 15:20:41
4501001,02,810212,Geld storten en opnemen,Available,True,2023-12-12 15:20:41
4501002,01,911744,Geldautomaat,Available,False,2023-12-12 15:20:41
4501003,01,811559,Geld storten en opnemen,Available,True,2023-12-12 15:20:42
4506001,01,920576,Geldautomaat,Available,False,2023-12-12 15:20:42
4511001,01,610577,Sealbag-automaat,Available,False,2023-12-12 15:20:42
4511001,02,810769,Geld storten en opnemen,Available,True,2023-12-12 15:20:42
4511002,01,912672,Geldautomaat,Available,False,2023-12-12 15:20:43
4511004,01,812625,Geld storten en opnemen,Available,True,2023-12-12 15:20:43
4515001,01,920451,Geldautomaat,Available,False,2023-12-12 15:20:44
4524002,01,811181,Geld storten en opnemen,Available,True,2023-12-12 15:20:44
4524004,01,611040,Sealbag-automaat,Available,False,2023-12-12 15:20:45
4524004,02,913941,Geldautomaat,Available,False,2023-12-12 15:20:45
4527001,01,911198,Geldautomaat,Available,False,2023-12-12 15:20:45
4536001,01,913905,Geldautomaat,Unavailable,False,2023-12-12 15:20:45
4536002,01,911249,Geldautomaat,Available,False,2023-12-12 15:20:46
4536003,01,911250,Geldautomaat,Available,False,2023-12-12 15:20:46
4536005,01,812547,Geld storten en opnemen,Available,True,2023-12-12 15:20:47
4536006,01,812891,Geld storten en opnemen,Available,True,2023-12-12 15:20:47
4541001,01,920112,Geldautomaat,Available,False,2023-12-12 15:20:48
4542001,01,911201,Geldautomaat,Available,False,2023-12-12 15:20:48
4543001,01,911205,Geldautomaat,Available,False,2023-12-12 15:20:49
4551003,01,920549,Geldautomaat,Available,False,2023-12-12 15:20:49
4551005,01,910961,Geldautomaat,Available,False,2023-12-12 15:20:49
4561001,01,810186,Geld storten en opnemen,Available,False,2023-12-12 15:20:50
4561002,01,610736,Sealbag-automaat,Available,False,2023-12-12 15:20:50
4561002,02,920397,Geldautomaat,Available,False,2023-12-12 15:20:50
4561003,01,912637,Geldautomaat,Unavailable,False,2023-12-12 15:20:51
4561004,01,811331,Geld storten en opnemen,Available,True,2023-12-12 15:20:51
4564001,01,911204,Geldautomaat,Available,False,2023-12-12 15:20:51
4569001,01,811752,Geld storten en opnemen,Available,True,2023-12-12 15:20:52
4571001,01,913920,Geldautomaat,Available,False,2023-12-12 15:20:52
4571002,01,911514,Geldautomaat,Available,False,2023-12-12 15:20:53
4571003,01,810117,Geld storten en opnemen,Unavailable,False,2023-12-12 15:20:53
4571003,02,610052,Sealbag-automaat,Available,False,2023-12-12 15:20:53
4576001,01,911224,Geldautomaat,Available,False,2023-12-12 15:20:54
4611001,01,913442,Geldautomaat,Available,False,2023-12-12 15:20:54
4611001,02,912216,Geldautomaat,Available,False,2023-12-12 15:20:54
4611005,01,810447,Geld storten en opnemen,Available,True,2023-12-12 15:20:55
4611006,01,611398,Sealbag-automaat,Available,False,2023-12-12 15:20:55
4611006,02,920452,Geldautomaat,Available,False,2023-12-12 15:20:55
4614001,01,810946,Geld storten en opnemen,Available,True,2023-12-12 15:20:56
4614002,01,911238,Geldautomaat,Available,False,2023-12-12 15:20:56
4615001,01,911218,Geldautomaat,Available,False,2023-12-12 15:20:57
4615002,01,911245,Geldautomaat,Available,False,2023-12-12 15:20:57
4617001,01,911219,Geldautomaat,Available,False,2023-12-12 15:20:58
4621001,01,913281,Geldautomaat,Available,False,2023-12-12 15:20:58
4624001,01,914727,Geldautomaat,Available,False,2023-12-12 15:20:58
4624002,01,911247,Geldautomaat,Available,False,2023-12-12 15:20:59
4624003,01,812440,Geld storten en opnemen,Available,True,2023-12-12 15:20:59
4631001,01,810097,Geld storten en opnemen,Available,False,2023-12-12 15:21:00
4631002,01,610031,Sealbag-automaat,Available,False,2023-12-12 15:21:00
4631002,02,913845,Geldautomaat,Unavailable,False,2023-12-12 15:21:00
4631003,01,911221,Geldautomaat,Available,False,2023-12-12 15:21:01
4631005,01,811330,Geld storten en opnemen,Available,True,2023-12-12 15:21:01
4635002,01,813081,Geld storten en opnemen,Available,True,2023-12-12 15:21:02
4641001,01,920449,Geldautomaat,Available,False,2023-12-12 15:21:02
4645001,01,911395,Geldautomaat,Available,False,2023-12-12 15:21:03
4645002,01,810037,Geld storten en opnemen,Available,False,2023-12-12 15:21:03
4645004,01,812628,Geld storten en opnemen,Available,True,2023-12-12 15:21:03
4651002,01,610200,Sealbag-automaat,Available,False,2023-12-12 15:21:04
4651003,01,911814,Geldautomaat,Available,False,2023-12-12 15:21:04
4651004,01,911334,Geldautomaat,Available,False,2023-12-12 15:21:05
4651005,01,811038,Geld storten en opnemen,Available,True,2023-12-12 15:21:05
4651007,01,812611,Geld storten en opnemen,Available,True,2023-12-12 15:21:06
4661001,01,810178,Geld storten en opnemen,Available,True,2023-12-12 15:21:06
4661001,02,610120,Sealbag-automaat,Available,False,2023-12-12 15:21:06
4661002,01,911674,Geldautomaat,Available,False,2023-12-12 15:21:06
4661003,01,811329,Geld storten en opnemen,Available,True,2023-12-12 15:21:07
4664001,01,911302,Geldautomaat,Available,False,2023-12-12 15:21:07
4671001,01,911380,Geldautomaat,Available,False,2023-12-12 15:21:08
4671002,01,810011,Geld storten en opnemen,Available,False,2023-12-12 15:21:08
4675001,01,911330,Geldautomaat,Available,False,2023-12-12 15:21:09
4681001,01,912968,Geldautomaat,Available,False,2023-12-12 15:21:09
4691002,01,911338,Geldautomaat,Available,False,2023-12-12 15:21:10
4691005,01,611116,Sealbag-automaat,Available,False,2023-12-12 15:21:10
4691005,02,811939,Geld storten en opnemen,Unavailable,False,2023-12-12 15:21:10
4695001,01,911811,Geldautomaat,Available,False,2023-12-12 15:21:10
4695001,02,610190,Sealbag-automaat,Available,False,2023-12-12 15:21:10
4696001,01,911333,Geldautomaat,Available,False,2023-12-12 15:21:11
4697001,01,810255,Geld storten en opnemen,Available,True,2023-12-12 15:21:11
4698001,01,911307,Geldautomaat,Available,False,2023-12-12 15:21:12
4701004,01,914792,Geldautomaat,Available,False,2023-12-12 15:21:12
4701004,02,914192,Geldautomaat,Available,False,2023-12-12 15:21:12
4701005,01,811569,Geld storten en opnemen,Available,True,2023-12-12 15:21:13
4701006,01,812417,Geld storten en opnemen,Available,True,2023-12-12 15:21:13
4701006,02,611351,Sealbag-automaat,Available,False,2023-12-12 15:21:13
4702001,01,912431,Geldautomaat,Available,False,2023-12-12 15:21:14
4702002,01,920267,Geldautomaat,Available,False,2023-12-12 15:21:14
4706001,01,913949,Geldautomaat,Available,False,2023-12-12 15:21:15
4706002,01,811239,Geld storten en opnemen,Available,True,2023-12-12 15:21:15
4706003,01,912747,Geldautomaat,Available,False,2023-12-12 15:21:15
4707001,01,812195,Geld storten en opnemen,Available,True,2023-12-12 15:21:16
4708001,01,911336,Geldautomaat,Available,False,2023-12-12 15:21:16
4708002,01,911337,Geldautomaat,Available,False,2023-12-12 15:21:17
4709001,01,911326,Geldautomaat,Available,False,2023-12-12 15:21:17
4711002,01,810104,Geld storten en opnemen,Available,True,2023-12-12 15:21:18
4711002,02,911488,Geldautomaat,Available,False,2023-12-12 15:21:18
4711002,03,610036,Sealbag-automaat,Available,False,2023-12-12 15:21:18
4714001,01,911331,Geldautomaat,Available,False,2023-12-12 15:21:18
4715001,01,911329,Geldautomaat,Available,False,2023-12-12 15:21:18
4721001,01,920115,Geldautomaat,Available,False,2023-12-12 15:21:19
4724001,01,920450,Geldautomaat,Unavailable,False,2023-12-12 15:21:19
4724001,02,610223,Sealbag-automaat,Available,False,2023-12-12 15:21:19
4731001,01,610162,Sealbag-automaat,Available,False,2023-12-12 15:21:20
4731001,02,810220,Geld storten en opnemen,Available,True,2023-12-12 15:21:20
4731002,01,911754,Geldautomaat,Available,False,2023-12-12 15:21:21
4731003,01,811353,Geld storten en opnemen,Available,True,2023-12-12 15:21:21
4735001,01,920418,Geldautomaat,Available,False,2023-12-12 15:21:21
4735002,01,930010,Geldautomaat,Available,False,2023-12-12 15:21:22
4741001,01,911297,Geldautomaat,Available,False,2023-12-12 15:21:22
4741002,01,911298,Geldautomaat,Available,False,2023-12-12 15:21:23
4751003,01,811988,Geld storten en opnemen,Available,True,2023-12-12 15:21:23
4756001,01,920266,Geldautomaat,Available,False,2023-12-12 15:21:24
4758001,01,920129,Geldautomaat,Available,False,2023-12-12 15:21:24
4761002,01,912527,Geldautomaat,Available,False,2023-12-12 15:21:24
4761006,01,812118,Geld storten en opnemen,Available,True,2023-12-12 15:21:25
4791001,01,911299,Geldautomaat,Unavailable,False,2023-12-12 15:21:25
4791002,01,911300,Geldautomaat,Available,False,2023-12-12 15:21:26
4791003,01,812570,Geld storten en opnemen,Available,True,2023-12-12 15:21:26
4793001,01,920295,Geldautomaat,Available,False,2023-12-12 15:21:27
4797001,01,911340,Geldautomaat,Available,False,2023-12-12 15:21:27
4811001,01,610028,Sealbag-automaat,Available,False,2023-12-12 15:21:28
4811001,02,810093,Geld storten en opnemen,Available,False,2023-12-12 15:21:28
4811001,03,811799,Geld storten en opnemen,Available,True,2023-12-12 15:21:28
4811002,01,811800,Geld storten en opnemen,Available,True,2023-12-12 15:21:28
4811002,02,913718,Geldautomaat,Available,False,2023-12-12 15:21:28
4811002,03,913719,Geldautomaat,Available,False,2023-12-12 15:21:28
4811002,04,610029,Sealbag-automaat,Available,False,2023-12-12 15:21:28
4811003,01,911477,Geldautomaat,Available,False,2023-12-12 15:21:28
4811004,01,911478,Geldautomaat,Available,False,2023-12-12 15:21:29
4811005,01,911479,Geldautomaat,Available,False,2023-12-12 15:21:29
4811007,01,913891,Geldautomaat,Available,False,2023-12-12 15:21:30
4811012,01,811494,Geld storten en opnemen,Available,True,2023-12-12 15:21:30
4812001,01,910139,Geldautomaat,Available,False,2023-12-12 15:21:31
4813001,01,911360,Geldautomaat,Available,False,2023-12-12 15:21:31
4813002,01,911361,Geldautomaat,Available,False,2023-12-12 15:21:32
4814002,01,920518,Geldautomaat,Available,False,2023-12-12 15:21:32
4815002,01,911345,Geldautomaat,Available,False,2023-12-12 15:21:32
4817002,01,911344,Geldautomaat,Available,False,2023-12-12 15:21:33
4817003,01,911362,Geldautomaat,Available,False,2023-12-12 15:21:33
4818001,01,910067,Geldautomaat,Available,False,2023-12-12 15:21:34
4818002,01,911377,Geldautomaat,Available,False,2023-12-12 15:21:34
4822002,01,812119,Geld storten en opnemen,Available,True,2023-12-12 15:21:35
4823001,01,810302,Geld storten en opnemen,Available,True,2023-12-12 15:21:35
4823002,01,911925,Geldautomaat,Available,False,2023-12-12 15:21:36
4824001,01,910158,Geldautomaat,Available,False,2023-12-12 15:21:36
4826001,01,810131,Geld storten en opnemen,Available,True,2023-12-12 15:21:36
4826001,02,812664,Geld storten en opnemen,Available,True,2023-12-12 15:21:36
4826002,01,911564,Geldautomaat,Available,False,2023-12-12 15:21:37
4834001,01,913944,Geldautomaat,Available,False,2023-12-12 15:21:37
4834002,01,911877,Geldautomaat,Available,False,2023-12-12 15:21:38
4834003,01,610237,Sealbag-automaat,Available,False,2023-12-12 15:21:38
4834003,02,911878,Geldautomaat,Available,False,2023-12-12 15:21:38
4834003,03,812402,Geld storten en opnemen,Available,False,2023-12-12 15:21:38
4835001,01,810053,Geld storten en opnemen,Available,False,2023-12-12 15:21:39
4835003,01,911542,Geldautomaat,Available,False,2023-12-12 15:21:39
4835004,01,811689,Geld storten en opnemen,Available,True,2023-12-12 15:21:39
4841002,01,911367,Geldautomaat,Available,False,2023-12-12 15:21:40
4841003,01,611044,Sealbag-automaat,Available,False,2023-12-12 15:21:40
4841003,02,913981,Geldautomaat,Available,False,2023-12-12 15:21:40
4844001,01,811856,Geld storten en opnemen,Available,True,2023-12-12 15:21:41
4845001,01,920128,Geldautomaat,Available,False,2023-12-12 15:21:41
4849001,01,920097,Geldautomaat,Available,False,2023-12-12 15:21:42
4854001,01,911347,Geldautomaat,Available,False,2023-12-12 15:21:42
4854004,01,812557,Geld storten en opnemen,Available,True,2023-12-12 15:21:43
4861002,01,910143,Geldautomaat,Available,False,2023-12-12 15:21:43
4861003,01,812411,Geld storten en opnemen,Unavailable,True,2023-12-12 15:21:43
4871001,01,910073,Geldautomaat,Available,False,2023-12-12 15:21:44
4872003,01,810487,Geld storten en opnemen,Available,True,2023-12-12 15:21:44
4872004,01,914863,Geldautomaat,Available,False,2023-12-12 15:21:45
4873001,01,912283,Geldautomaat,Available,False,2023-12-12 15:21:45
4875001,01,812303,Geld storten en opnemen,Available,True,2023-12-12 15:21:46
4875001,02,611267,Sealbag-automaat,Available,False,2023-12-12 15:21:46
4881002,01,911873,Geldautomaat,Available,False,2023-12-12 15:21:46
4881003,01,811386,Geld storten en opnemen,Available,True,2023-12-12 15:21:47
4885001,01,920114,Geldautomaat,Available,False,2023-12-12 15:21:47
4891001,01,920297,Geldautomaat,Available,False,2023-12-12 15:21:47
4891001,02,610328,Sealbag-automaat,Available,False,2023-12-12 15:21:47
4901001,01,811841,Geld storten en opnemen,Available,True,2023-12-12 15:21:48
4901002,01,911193,Geldautomaat,Available,False,2023-12-12 15:21:48
4901007,01,810576,Geld storten en opnemen,Available,True,2023-12-12 15:21:49
4901010,01,812672,Geld storten en opnemen,Available,True,2023-12-12 15:21:49
4904001,01,911290,Geldautomaat,Available,False,2023-12-12 15:21:50
4904002,01,910098,Geldautomaat,Available,False,2023-12-12 15:21:50
4906002,01,812436,Geld storten en opnemen,Available,True,2023-12-12 15:21:51
4907002,01,910420,Geldautomaat,Available,False,2023-12-12 15:21:51
4907003,01,813077,Geld storten en opnemen,Available,True,2023-12-12 15:21:51
4907003,02,611489,Sealbag-automaat,Available,False,2023-12-12 15:21:51
4921001,01,912124,Geldautomaat,Available,False,2023-12-12 15:21:52
4921002,01,610701,Sealbag-automaat,Available,False,2023-12-12 15:21:52
4921002,02,913119,Geldautomaat,Available,False,2023-12-12 15:21:52
4921005,01,812189,Geld storten en opnemen,Available,True,2023-12-12 15:21:53
4926001,01,920419,Geldautomaat,Available,False,2023-12-12 15:21:53
4931001,01,911156,Geldautomaat,Available,False,2023-12-12 15:21:54
4941002,01,813142,Geld storten en opnemen,Available,True,2023-12-12 15:21:54
4941002,02,610035,Sealbag-automaat,Available,False,2023-12-12 15:21:54
4941004,01,812470,Geld storten en opnemen,Available,True,2023-12-12 15:21:55
5011001,01,811853,Geld storten en opnemen,Available,True,2023-12-12 15:21:55
5011002,01,912048,Geldautomaat,Available,False,2023-12-12 15:21:56
5011003,01,920292,Geldautomaat,Available,False,2023-12-12 15:21:56
5011004,01,811391,Geld storten en opnemen,Available,True,2023-12-12 15:21:57
5011005,01,812804,Geld storten en opnemen,Available,True,2023-12-12 15:21:57
5014001,01,812598,Geld storten en opnemen,Available,True,2023-12-12 15:21:57
5021002,01,812072,Geld storten en opnemen,Available,True,2023-12-12 15:21:58
5025001,01,911272,Geldautomaat,Available,False,2023-12-12 15:21:58
5032001,01,913821,Geldautomaat,Available,False,2023-12-12 15:21:59
5035001,01,911011,Geldautomaat,Available,False,2023-12-12 15:21:59
5035002,01,911012,Geldautomaat,Available,False,2023-12-12 15:22:00
5037001,01,914631,Geldautomaat,Available,False,2023-12-12 15:22:00
5037002,01,910269,Geldautomaat,Available,False,2023-12-12 15:22:01
5038001,01,912456,Geldautomaat,Available,False,2023-12-12 15:22:01
5038001,02,912455,Geldautomaat,Available,False,2023-12-12 15:22:01
5038002,01,912457,Geldautomaat,Available,False,2023-12-12 15:22:02
5038003,01,912458,Geldautomaat,Available,False,2023-12-12 15:22:02
5038007,01,810990,Geld storten en opnemen,Available,True,2023-12-12 15:22:02
5038007,02,810989,Geld storten en opnemen,Available,True,2023-12-12 15:22:02
5038009,01,812800,Geld storten en opnemen,Available,True,2023-12-12 15:22:03
5038009,02,611425,Sealbag-automaat,Available,False,2023-12-12 15:22:03
5038010,01,812759,Geld storten en opnemen,Available,True,2023-12-12 15:22:03
5038010,02,812757,Geld storten en opnemen,Unavailable,False,2023-12-12 15:22:03
5038010,03,812758,Geld storten en opnemen,Unavailable,False,2023-12-12 15:22:03
5038010,04,812760,Geld storten en opnemen,Available,True,2023-12-12 15:22:03
5038010,05,812761,Geld storten en opnemen,Available,True,2023-12-12 15:22:03
5041001,01,910248,Geldautomaat,Available,False,2023-12-12 15:22:04
5041001,02,910247,Geldautomaat,Unavailable,False,2023-12-12 15:22:04
5041002,01,920558,Geldautomaat,Unavailable,False,2023-12-12 15:22:04
5041002,02,930082,Geldautomaat,Unavailable,False,2023-12-12 15:22:04
5042001,01,810899,Geld storten en opnemen,Available,True,2023-12-12 15:22:05
5042001,02,610616,Sealbag-automaat,Available,False,2023-12-12 15:22:05
5042001,03,810898,Geld storten en opnemen,Available,True,2023-12-12 15:22:05
5042002,01,912828,Geldautomaat,Available,False,2023-12-12 15:22:05
5043001,01,911492,Geldautomaat,Available,False,2023-12-12 15:22:05
5043001,02,810107,Geld storten en opnemen,Available,True,2023-12-12 15:22:05
5043001,03,610039,Sealbag-automaat,Available,False,2023-12-12 15:22:05
5043002,01,911289,Geldautomaat,Available,False,2023-12-12 15:22:06
5043005,01,811447,Geld storten en opnemen,Available,True,2023-12-12 15:22:06
5044001,01,910262,Geldautomaat,Available,False,2023-12-12 15:22:07
5046001,01,910030,Geldautomaat,Available,False,2023-12-12 15:22:07
5051002,01,911653,Geldautomaat,Available,False,2023-12-12 15:22:08
5051003,01,910271,Geldautomaat,Available,False,2023-12-12 15:22:08
5051005,01,811969,Geld storten en opnemen,Available,True,2023-12-12 15:22:09
5051005,02,611145,Sealbag-automaat,Available,False,2023-12-12 15:22:09
5051006,01,812566,Geld storten en opnemen,Available,True,2023-12-12 15:22:09
5056004,01,914420,Geldautomaat,Available,False,2023-12-12 15:22:09
5056004,02,610932,Sealbag-automaat,Available,False,2023-12-12 15:22:09
5057001,01,911580,Geldautomaat,Available,False,2023-12-12 15:22:10
5061001,01,912409,Geldautomaat,Available,False,2023-12-12 15:22:10
5061004,01,811558,Geld storten en opnemen,Available,True,2023-12-12 15:22:11
5061005,01,813082,Geld storten en opnemen,Unavailable,False,2023-12-12 15:22:11
5061005,02,611490,Sealbag-automaat,Available,False,2023-12-12 15:22:11
5066001,01,811150,Geld storten en opnemen,Available,True,2023-12-12 15:22:12
5066002,01,912702,Geldautomaat,Available,False,2023-12-12 15:22:12
5071001,01,810106,Geld storten en opnemen,Available,False,2023-12-12 15:22:13
5071001,02,610037,Sealbag-automaat,Available,False,2023-12-12 15:22:13
5071001,03,911490,Geldautomaat,Available,False,2023-12-12 15:22:13
5076001,01,911668,Geldautomaat,Available,False,2023-12-12 15:22:13
5081002,01,912694,Geldautomaat,Available,False,2023-12-12 15:22:13
5081005,01,811709,Geld storten en opnemen,Available,True,2023-12-12 15:22:14
5091001,01,920294,Geldautomaat,Available,False,2023-12-12 15:22:14
5094001,01,920381,Geldautomaat,Available,False,2023-12-12 15:22:15
5104002,01,810155,Geld storten en opnemen,Available,True,2023-12-12 15:22:15
5104002,02,610094,Sealbag-automaat,Available,False,2023-12-12 15:22:15
5104003,01,911614,Geldautomaat,Available,False,2023-12-12 15:22:16
5104007,01,812090,Geld storten en opnemen,Available,True,2023-12-12 15:22:16
5104008,01,812175,Geld storten en opnemen,Available,True,2023-12-12 15:22:17
5109001,01,910099,Geldautomaat,Available,False,2023-12-12 15:22:17
5111001,01,810135,Geld storten en opnemen,Available,True,2023-12-12 15:22:17
5111001,02,610071,Sealbag-automaat,Available,False,2023-12-12 15:22:17
5111002,01,911568,Geldautomaat,Unavailable,False,2023-12-12 15:22:18
5111003,01,811071,Geld storten en opnemen,Available,True,2023-12-12 15:22:18
5113001,01,910270,Geldautomaat,Available,False,2023-12-12 15:22:19
5121001,01,810224,Geld storten en opnemen,Available,True,2023-12-12 15:22:19
5121001,02,911782,Geldautomaat,Available,False,2023-12-12 15:22:19
5121001,03,610174,Sealbag-automaat,Available,False,2023-12-12 15:22:19
5121002,01,911759,Geldautomaat,Available,False,2023-12-12 15:22:20
5126003,01,811880,Geld storten en opnemen,Available,True,2023-12-12 15:22:20
5131001,01,920095,Geldautomaat,Unavailable,False,2023-12-12 15:22:20
5133001,01,920437,Geldautomaat,Available,False,2023-12-12 15:22:21
5141001,01,912495,Geldautomaat,Available,False,2023-12-12 15:22:21
5141002,01,912496,Geldautomaat,Available,False,2023-12-12 15:22:22
5141003,01,611016,Sealbag-automaat,Available,False,2023-12-12 15:22:22
5141003,02,811761,Geld storten en opnemen,Available,True,2023-12-12 15:22:22
5141006,01,811595,Geld storten en opnemen,Available,True,2023-12-12 15:22:23
5143002,01,920495,Geldautomaat,Unavailable,False,2023-12-12 15:22:23
5144002,01,920494,Geldautomaat,Available,False,2023-12-12 15:22:23
5151001,01,810777,Geld storten en opnemen,Available,True,2023-12-12 15:22:24
5151001,02,610584,Sealbag-automaat,Available,False,2023-12-12 15:22:24
5151003,01,910245,Geldautomaat,Available,False,2023-12-12 15:22:24
5161001,01,920438,Geldautomaat,Unavailable,False,2023-12-12 15:22:25
5165001,01,910338,Geldautomaat,Available,False,2023-12-12 15:22:25
5171004,01,910249,Geldautomaat,Unavailable,False,2023-12-12 15:22:26
5171005,01,811333,Geld storten en opnemen,Available,True,2023-12-12 15:22:26
5171007,01,914346,Geldautomaat,Available,False,2023-12-12 15:22:26
5171007,02,611257,Sealbag-automaat,Available,False,2023-12-12 15:22:26
5171008,01,812714,Geld storten en opnemen,Available,True,2023-12-12 15:22:27
5175001,01,910334,Geldautomaat,Available,False,2023-12-12 15:22:27
5175002,01,812671,Geld storten en opnemen,Available,True,2023-12-12 15:22:28
5211001,01,611465,Sealbag-automaat,Available,False,2023-12-12 15:22:28
5211001,02,811809,Geld storten en opnemen,Unavailable,False,2023-12-12 15:22:28
5211001,03,913929,Geldautomaat,Available,False,2023-12-12 15:22:28
5211001,04,913930,Geldautomaat,Available,False,2023-12-12 15:22:28
5211002,01,914723,Geldautomaat,Available,False,2023-12-12 15:22:29
5211002,02,811850,Geld storten en opnemen,Available,True,2023-12-12 15:22:29
5211003,01,911776,Geldautomaat,Available,False,2023-12-12 15:22:29
5211004,01,911777,Geldautomaat,Available,False,2023-12-12 15:22:30
5211009,01,811570,Geld storten en opnemen,Available,True,2023-12-12 15:22:30
5211010,01,611461,Sealbag-automaat,Available,False,2023-12-12 15:22:31
5211010,02,812957,Geld storten en opnemen,Unavailable,False,2023-12-12 15:22:31
5211010,03,930045,Geldautomaat,Available,False,2023-12-12 15:22:31
5211012,01,812962,Geld storten en opnemen,Available,True,2023-12-12 15:22:31
5211012,02,812960,Geld storten en opnemen,Available,True,2023-12-12 15:22:31
5211012,03,812958,Geld storten en opnemen,Available,True,2023-12-12 15:22:31
5211012,04,812959,Geld storten en opnemen,Available,True,2023-12-12 15:22:31
5211012,05,812961,Geld storten en opnemen,Available,True,2023-12-12 15:22:31
5212001,01,910344,Geldautomaat,Available,False,2023-12-12 15:22:32
5213001,01,910350,Geldautomaat,Available,False,2023-12-12 15:22:32
5213002,01,910448,Geldautomaat,Available,False,2023-12-12 15:22:33
5215001,01,910041,Geldautomaat,Available,False,2023-12-12 15:22:33
5216001,01,913886,Geldautomaat,Available,False,2023-12-12 15:22:34
5216002,01,910452,Geldautomaat,Available,False,2023-12-12 15:22:34
5223001,01,910441,Geldautomaat,Available,False,2023-12-12 15:22:34
5224001,01,911926,Geldautomaat,Available,False,2023-12-12 15:22:35
5224002,01,610256,Sealbag-automaat,Available,False,2023-12-12 15:22:35
5224002,02,911927,Geldautomaat,Available,False,2023-12-12 15:22:35
5224002,03,811248,Geld storten en opnemen,Available,True,2023-12-12 15:22:35
5224005,01,811003,Geld storten en opnemen,Available,True,2023-12-12 15:22:36
5233001,01,912027,Geldautomaat,Available,False,2023-12-12 15:22:36
5233002,01,912028,Geldautomaat,Available,False,2023-12-12 15:22:37
5235001,01,912779,Geldautomaat,Available,False,2023-12-12 15:22:37
5235002,01,811271,Geld storten en opnemen,Available,True,2023-12-12 15:22:38
5236002,01,913230,Geldautomaat,Available,False,2023-12-12 15:22:38
5241004,01,810596,Geld storten en opnemen,Available,True,2023-12-12 15:22:39
5241005,01,810595,Geld storten en opnemen,Available,True,2023-12-12 15:22:39
5241006,01,813061,Geld storten en opnemen,Available,True,2023-12-12 15:22:39
5242001,01,910351,Geldautomaat,Available,False,2023-12-12 15:22:40
5242002,01,611470,Sealbag-automaat,Available,False,2023-12-12 15:22:40
5242002,02,910352,Geldautomaat,Available,False,2023-12-12 15:22:40
5245001,01,910343,Geldautomaat,Available,False,2023-12-12 15:22:41
5246001,01,910442,Geldautomaat,Available,False,2023-12-12 15:22:41
5251001,01,914112,Geldautomaat,Unavailable,False,2023-12-12 15:22:42
5251001,02,610606,Sealbag-automaat,Available,False,2023-12-12 15:22:42
5251002,01,811202,Geld storten en opnemen,Available,True,2023-12-12 15:22:42
5251003,01,913111,Geldautomaat,Available,False,2023-12-12 15:22:42
5256001,01,610125,Sealbag-automaat,Available,False,2023-12-12 15:22:43
5256001,02,911682,Geldautomaat,Unavailable,False,2023-12-12 15:22:43
5258001,01,920503,Geldautomaat,Unavailable,False,2023-12-12 15:22:43
5261001,01,610499,Sealbag-automaat,Available,False,2023-12-12 15:22:44
5261001,02,810632,Geld storten en opnemen,Available,False,2023-12-12 15:22:44
5261003,01,910367,Geldautomaat,Available,False,2023-12-12 15:22:44
5261006,01,811004,Geld storten en opnemen,Unavailable,False,2023-12-12 15:22:45
5261007,01,914419,Geldautomaat,Available,False,2023-12-12 15:22:45
5262001,01,810014,Geld storten en opnemen,Available,True,2023-12-12 15:22:46
5262001,02,911384,Geldautomaat,Available,False,2023-12-12 15:22:46
5268001,01,610124,Sealbag-automaat,Available,False,2023-12-12 15:22:46
5268001,02,911681,Geldautomaat,Available,False,2023-12-12 15:22:46
5271001,01,911812,Geldautomaat,Available,False,2023-12-12 15:22:46
5271003,01,811727,Geld storten en opnemen,Available,True,2023-12-12 15:22:47
5271003,02,611010,Sealbag-automaat,Available,False,2023-12-12 15:22:47
5271003,03,913688,Geldautomaat,Available,False,2023-12-12 15:22:47
5275001,01,920242,Geldautomaat,Available,False,2023-12-12 15:22:47
5281001,01,810147,Geld storten en opnemen,Available,True,2023-12-12 15:22:48
5281002,01,911594,Geldautomaat,Available,False,2023-12-12 15:22:48
5281004,01,811089,Geld storten en opnemen,Available,True,2023-12-12 15:22:49
5298001,01,910431,Geldautomaat,Available,False,2023-12-12 15:22:49
5301001,01,912524,Geldautomaat,Available,False,2023-12-12 15:22:50
5301002,01,611340,Sealbag-automaat,Available,False,2023-12-12 15:22:50
5301002,02,911429,Geldautomaat,Available,False,2023-12-12 15:22:50
5301004,01,811380,Geld storten en opnemen,Available,True,2023-12-12 15:22:51
5302001,01,812454,Geld storten en opnemen,Available,True,2023-12-12 15:22:51
5306001,01,610046,Sealbag-automaat,Available,False,2023-12-12 15:22:52
5306001,02,911503,Geldautomaat,Available,False,2023-12-12 15:22:52
5308001,01,910039,Geldautomaat,Available,False,2023-12-12 15:22:52
5317001,01,920055,Geldautomaat,Unavailable,False,2023-12-12 15:22:53
5321001,01,910513,Geldautomaat,Available,False,2023-12-12 15:22:54
5324001,01,610051,Sealbag-automaat,Available,False,2023-12-12 15:22:54
5324001,02,911512,Geldautomaat,Available,False,2023-12-12 15:22:54
5328001,01,920352,Geldautomaat,Available,False,2023-12-12 15:22:54
5331001,01,811417,Geld storten en opnemen,Available,True,2023-12-12 15:22:55
5331003,01,611469,Sealbag-automaat,Available,False,2023-12-12 15:22:55
5331003,02,914875,Geldautomaat,Available,False,2023-12-12 15:22:55
5341001,01,912413,Geldautomaat,Available,False,2023-12-12 15:22:56
5341002,01,910027,Geldautomaat,Available,False,2023-12-12 15:22:56
5341006,01,611194,Sealbag-automaat,Available,False,2023-12-12 15:22:57
5341006,02,912424,Geldautomaat,Available,False,2023-12-12 15:22:57
5341008,01,812448,Geld storten en opnemen,Available,True,2023-12-12 15:22:57
5342001,01,812508,Geld storten en opnemen,Available,True,2023-12-12 15:22:58
5342001,02,911990,Geldautomaat,Available,False,2023-12-12 15:22:58
5344001,01,911885,Geldautomaat,Available,False,2023-12-12 15:22:58
5344002,01,920102,Geldautomaat,Available,False,2023-12-12 15:22:58
5344002,02,920103,Geldautomaat,Available,False,2023-12-12 15:22:58
5345001,01,913896,Geldautomaat,Available,False,2023-12-12 15:22:59
5345002,01,920261,Geldautomaat,Unavailable,False,2023-12-12 15:22:59
5345002,02,920260,Geldautomaat,Available,False,2023-12-12 15:22:59
5345004,01,812711,Geld storten en opnemen,Available,True,2023-12-12 15:23:00
5351001,01,910329,Geldautomaat,Available,False,2023-12-12 15:23:00
5351002,01,910330,Geldautomaat,Available,False,2023-12-12 15:23:01
5361001,01,912112,Geldautomaat,Available,False,2023-12-12 15:23:01
5361003,01,811125,Geld storten en opnemen,Available,True,2023-12-12 15:23:01
5368001,01,812187,Geld storten en opnemen,Available,True,2023-12-12 15:23:02
5371002,01,812507,Geld storten en opnemen,Available,True,2023-12-12 15:23:02
5373001,01,910514,Geldautomaat,Available,False,2023-12-12 15:23:03
5374001,01,913090,Geldautomaat,Available,False,2023-12-12 15:23:03
5374002,01,812385,Geld storten en opnemen,Available,True,2023-12-12 15:23:04
5374002,02,610841,Sealbag-automaat,Available,False,2023-12-12 15:23:04
5374003,01,811358,Geld storten en opnemen,Available,True,2023-12-12 15:23:04
5375001,01,910548,Geldautomaat,Available,False,2023-12-12 15:23:05
5382001,01,920014,Geldautomaat,Unavailable,False,2023-12-12 15:23:05
5384001,01,912314,Geldautomaat,Available,False,2023-12-12 15:23:06
5384004,01,811892,Geld storten en opnemen,Available,True,2023-12-12 15:23:06
5386001,01,911644,Geldautomaat,Available,False,2023-12-12 15:23:06
5386001,02,610108,Sealbag-automaat,Available,False,2023-12-12 15:23:06
5388001,01,610289,Sealbag-automaat,Available,False,2023-12-12 15:23:07
5388001,02,912015,Geldautomaat,Available,False,2023-12-12 15:23:07
5391001,01,910335,Geldautomaat,Available,False,2023-12-12 15:23:07
5394001,01,910546,Geldautomaat,Available,False,2023-12-12 15:23:08
5397002,01,920064,Geldautomaat,Available,False,2023-12-12 15:23:08
5401001,01,810610,Geld storten en opnemen,Available,False,2023-12-12 15:23:09
5401001,02,810609,Geld storten en opnemen,Available,True,2023-12-12 15:23:09
5401001,03,610915,Sealbag-automaat,Available,False,2023-12-12 15:23:09
5401002,01,912462,Geldautomaat,Available,False,2023-12-12 15:23:09
5401005,01,811580,Geld storten en opnemen,Available,True,2023-12-12 15:23:10
5401007,01,812149,Geld storten en opnemen,Available,True,2023-12-12 15:23:10
5402001,01,930047,Geldautomaat,Available,False,2023-12-12 15:23:10
5403001,01,910525,Geldautomaat,Unavailable,False,2023-12-12 15:23:11
5408001,01,920359,Geldautomaat,Available,False,2023-12-12 15:23:11
5409001,01,920030,Geldautomaat,Available,False,2023-12-12 15:23:12
5411001,01,920380,Geldautomaat,Available,False,2023-12-12 15:23:12
5411001,02,610224,Sealbag-automaat,Available,False,2023-12-12 15:23:12
5421001,01,912284,Geldautomaat,Available,False,2023-12-12 15:23:13
5421003,01,811120,Geld storten en opnemen,Available,True,2023-12-12 15:23:13
5421005,01,812247,Geld storten en opnemen,Available,True,2023-12-12 15:23:13
5421007,01,812849,Geld storten en opnemen,Available,True,2023-12-12 15:23:14
5423001,01,910532,Geldautomaat,Available,False,2023-12-12 15:23:14
5424001,01,920427,Geldautomaat,Available,False,2023-12-12 15:23:15
5425001,01,920465,Geldautomaat,Available,False,2023-12-12 15:23:15
5427002,01,810453,Geld storten en opnemen,Available,True,2023-12-12 15:23:16
5427002,02,610371,Sealbag-automaat,Available,False,2023-12-12 15:23:16
5428001,01,920027,Geldautomaat,Available,False,2023-12-12 15:23:16
5431001,01,911603,Geldautomaat,Available,False,2023-12-12 15:23:16
5431002,01,811097,Geld storten en opnemen,Available,True,2023-12-12 15:23:17
5431002,02,610635,Sealbag-automaat,Available,False,2023-12-12 15:23:17
5431002,03,912973,Geldautomaat,Available,False,2023-12-12 15:23:17
5431005,01,811498,Geld storten en opnemen,Available,True,2023-12-12 15:23:17
5431006,01,812707,Geld storten en opnemen,Available,True,2023-12-12 15:23:18
5437001,01,910509,Geldautomaat,Available,False,2023-12-12 15:23:18
5443001,01,920049,Geldautomaat,Available,False,2023-12-12 15:23:19
5446001,01,920519,Geldautomaat,Available,False,2023-12-12 15:23:19
5451003,01,911483,Geldautomaat,Available,False,2023-12-12 15:23:20
5451004,01,811931,Geld storten en opnemen,Available,True,2023-12-12 15:23:20
5451005,01,812572,Geld storten en opnemen,Available,True,2023-12-12 15:23:20
5461001,01,912467,Geldautomaat,Available,False,2023-12-12 15:23:21
5461005,01,611157,Sealbag-automaat,Available,False,2023-12-12 15:23:21
5461005,02,914738,Geldautomaat,Available,False,2023-12-12 15:23:21
5461006,01,811586,Geld storten en opnemen,Available,True,2023-12-12 15:23:22
5461006,02,812112,Geld storten en opnemen,Available,True,2023-12-12 15:23:22
5462001,01,910556,Geldautomaat,Available,False,2023-12-12 15:23:22
5465001,01,920081,Geldautomaat,Available,False,2023-12-12 15:23:23
5466001,01,920090,Geldautomaat,Available,False,2023-12-12 15:23:23
5469001,01,910426,Geldautomaat,Available,False,2023-12-12 15:23:24
5469002,01,910427,Geldautomaat,Available,False,2023-12-12 15:23:24
5472001,01,910540,Geldautomaat,Unavailable,False,2023-12-12 15:23:24
5473001,01,811131,Geld storten en opnemen,Available,True,2023-12-12 15:23:25
5473002,01,914717,Geldautomaat,Available,False,2023-12-12 15:23:25
5473002,02,610581,Sealbag-automaat,Available,False,2023-12-12 15:23:25
5476001,01,920478,Geldautomaat,Available,False,2023-12-12 15:23:26
5481001,01,611488,Sealbag-automaat,Available,False,2023-12-12 15:23:26
5481001,02,811650,Geld storten en opnemen,Unavailable,False,2023-12-12 15:23:26
5481002,01,811179,Geld storten en opnemen,Unavailable,False,2023-12-12 15:23:27
5482001,01,910460,Geldautomaat,Available,False,2023-12-12 15:23:27
5492001,01,912452,Geldautomaat,Available,False,2023-12-12 15:23:27
5492002,01,811364,Geld storten en opnemen,Available,True,2023-12-12 15:23:28
5501001,01,911836,Geldautomaat,Available,False,2023-12-12 15:23:28
5501002,01,610209,Sealbag-automaat,Available,False,2023-12-12 15:23:29
5501002,02,810270,Geld storten en opnemen,Available,False,2023-12-12 15:23:29
5501006,01,811587,Geld storten en opnemen,Available,True,2023-12-12 15:23:29
5504001,01,910446,Geldautomaat,Available,False,2023-12-12 15:23:30
5504002,01,920493,Geldautomaat,Available,False,2023-12-12 15:23:30
5504005,01,812617,Geld storten en opnemen,Available,True,2023-12-12 15:23:31
5504006,01,914819,Geldautomaat,Available,False,2023-12-12 15:23:31
5505001,01,910559,Geldautomaat,Available,False,2023-12-12 15:23:31
5506001,01,911837,Geldautomaat,Available,False,2023-12-12 15:23:32
5507001,01,920479,Geldautomaat,Available,False,2023-12-12 15:23:32
5508001,01,910536,Geldautomaat,Available,False,2023-12-12 15:23:33
5512002,01,914111,Geldautomaat,Available,False,2023-12-12 15:23:33
5513001,01,920487,Geldautomaat,Available,False,2023-12-12 15:23:34
5521002,01,811112,Geld storten en opnemen,Available,True,2023-12-12 15:23:34
5521003,01,914587,Geldautomaat,Available,False,2023-12-12 15:23:34
5521003,02,611319,Sealbag-automaat,Available,False,2023-12-12 15:23:34
5521004,01,812523,Geld storten en opnemen,Available,True,2023-12-12 15:23:35
5527001,01,910596,Geldautomaat,Available,False,2023-12-12 15:23:35
5528001,01,920489,Geldautomaat,Available,False,2023-12-12 15:23:36
5531001,01,912220,Geldautomaat,Available,False,2023-12-12 15:23:36
5531003,01,811083,Geld storten en opnemen,Available,True,2023-12-12 15:23:37
5531005,01,813088,Geld storten en opnemen,Available,True,2023-12-12 15:23:37
5531005,02,611495,Sealbag-automaat,Available,False,2023-12-12 15:23:37
5541001,01,610167,Sealbag-automaat,Available,False,2023-12-12 15:23:38
5541001,02,810227,Geld storten en opnemen,Available,True,2023-12-12 15:23:38
5541002,01,812529,Geld storten en opnemen,Available,True,2023-12-12 15:23:38
5551001,01,910609,Geldautomaat,Available,False,2023-12-12 15:23:39
5554002,01,911829,Geldautomaat,Available,False,2023-12-12 15:23:39
5554005,01,811583,Geld storten en opnemen,Available,True,2023-12-12 15:23:39
5554008,01,812551,Geld storten en opnemen,Available,True,2023-12-12 15:23:40
5554008,02,611397,Sealbag-automaat,Available,False,2023-12-12 15:23:40
5556001,01,910637,Geldautomaat,Available,False,2023-12-12 15:23:40
5561001,01,910632,Geldautomaat,Available,False,2023-12-12 15:23:41
5571002,01,911410,Geldautomaat,Available,False,2023-12-12 15:23:41
5571004,01,914065,Geldautomaat,Available,False,2023-12-12 15:23:42
5571004,02,611090,Sealbag-automaat,Available,False,2023-12-12 15:23:42
5571005,01,812452,Geld storten en opnemen,Available,True,2023-12-12 15:23:42
5575001,01,910601,Geldautomaat,Available,False,2023-12-12 15:23:43
5581001,01,914689,Geldautomaat,Available,False,2023-12-12 15:23:43
5581002,01,910645,Geldautomaat,Available,False,2023-12-12 15:23:43
5582001,01,810269,Geld storten en opnemen,Unavailable,False,2023-12-12 15:23:44
5582002,01,911848,Geldautomaat,Available,False,2023-12-12 15:23:44
5591001,01,912691,Geldautomaat,Available,False,2023-12-12 15:23:45
5591002,01,811132,Geld storten en opnemen,Available,True,2023-12-12 15:23:45
5591003,01,913039,Geldautomaat,Available,False,2023-12-12 15:23:46
5591003,02,610672,Sealbag-automaat,Available,False,2023-12-12 15:23:46
5595001,01,910055,Geldautomaat,Available,False,2023-12-12 15:23:46
5611003,01,912275,Geldautomaat,Available,False,2023-12-12 15:23:46
5611004,01,912276,Geldautomaat,Unavailable,False,2023-12-12 15:23:47
5611006,01,914047,Geldautomaat,Available,False,2023-12-12 15:23:47
5611008,01,910595,Geldautomaat,Available,False,2023-12-12 15:23:48
5611009,01,812300,Geld storten en opnemen,Available,True,2023-12-12 15:23:48
5611009,02,611297,Sealbag-automaat,Available,False,2023-12-12 15:23:48
5611009,03,811968,Geld storten en opnemen,Available,True,2023-12-12 15:23:48
5611013,01,810479,Geld storten en opnemen,Available,True,2023-12-12 15:23:49
5611017,01,611487,Sealbag-automaat,Available,False,2023-12-12 15:23:49
5611017,02,813068,Geld storten en opnemen,Available,True,2023-12-12 15:23:49
5611017,03,914889,Geldautomaat,Available,False,2023-12-12 15:23:49
5611018,01,813073,Geld storten en opnemen,Available,True,2023-12-12 15:23:50
5611018,02,813071,Geld storten en opnemen,Available,True,2023-12-12 15:23:50
5611018,03,813070,Geld storten en opnemen,Unavailable,False,2023-12-12 15:23:50
5611018,04,813069,Geld storten en opnemen,Available,True,2023-12-12 15:23:50
5611018,05,813072,Geld storten en opnemen,Available,True,2023-12-12 15:23:50
5612002,01,914671,Geldautomaat,Available,False,2023-12-12 15:23:50
5612002,02,914672,Geldautomaat,Unavailable,False,2023-12-12 15:23:50
5612004,01,912835,Geldautomaat,Available,False,2023-12-12 15:23:50
5612005,01,912836,Geldautomaat,Available,False,2023-12-12 15:23:51
5613002,01,912764,Geldautomaat,Available,False,2023-12-12 15:23:51
5613003,01,811254,Geld storten en opnemen,Available,True,2023-12-12 15:23:52
5613004,01,914428,Geldautomaat,Available,False,2023-12-12 15:23:52
5615001,01,810074,Geld storten en opnemen,Available,False,2023-12-12 15:23:53
5615002,01,911436,Geldautomaat,Available,False,2023-12-12 15:23:53
5615003,01,910537,Geldautomaat,Available,False,2023-12-12 15:23:53
5615005,01,811043,Geld storten en opnemen,Available,True,2023-12-12 15:23:54
5616001,01,912808,Geldautomaat,Available,False,2023-12-12 15:23:54
5616003,01,912809,Geldautomaat,Available,False,2023-12-12 15:23:55
5625001,01,912570,Geldautomaat,Available,False,2023-12-12 15:23:55
5625005,01,812065,Geld storten en opnemen,Available,True,2023-12-12 15:23:56
5625006,01,811615,Geld storten en opnemen,Available,True,2023-12-12 15:23:56
5625008,01,920208,Geldautomaat,Available,False,2023-12-12 15:23:57
5625008,02,812939,Geld storten en opnemen,Available,True,2023-12-12 15:23:57
5625008,03,611458,Sealbag-automaat,Available,False,2023-12-12 15:23:57
5625009,01,812943,Geld storten en opnemen,Unavailable,False,2023-12-12 15:23:57
5625009,02,812941,Geld storten en opnemen,Available,True,2023-12-12 15:23:57
5625009,03,812944,Geld storten en opnemen,Available,True,2023-12-12 15:23:57
5625009,04,812940,Geld storten en opnemen,Unavailable,False,2023-12-12 15:23:57
5625009,05,812942,Geld storten en opnemen,Unavailable,False,2023-12-12 15:23:57
5627001,01,910934,Geldautomaat,Available,False,2023-12-12 15:23:57
5627002,01,811009,Geld storten en opnemen,Available,True,2023-12-12 15:23:58
5628001,01,910691,Geldautomaat,Available,False,2023-12-12 15:23:58
5628002,01,910744,Geldautomaat,Available,False,2023-12-12 15:23:59
5629001,01,910510,Geldautomaat,Available,False,2023-12-12 15:23:59
5631001,01,910511,Geldautomaat,Available,False,2023-12-12 15:24:00
5632001,01,910529,Geldautomaat,Available,False,2023-12-12 15:24:00
5632003,01,910553,Geldautomaat,Available,False,2023-12-12 15:24:01
5632004,01,913272,Geldautomaat,Available,False,2023-12-12 15:24:01
5643001,01,914658,Geldautomaat,Available,False,2023-12-12 15:24:01
5643002,01,910535,Geldautomaat,Available,False,2023-12-12 15:24:02
5644001,01,910549,Geldautomaat,Available,False,2023-12-12 15:24:02
5645001,01,910634,Geldautomaat,Available,False,2023-12-12 15:24:03
5652003,01,910612,Geldautomaat,Available,False,2023-12-12 15:24:04
5653001,01,913976,Geldautomaat,Available,False,2023-12-12 15:24:04
5654002,01,910615,Geldautomaat,Available,False,2023-12-12 15:24:05
5654003,01,910616,Geldautomaat,Available,False,2023-12-12 15:24:05
5654005,01,811907,Geld storten en opnemen,Available,True,2023-12-12 15:24:06
5658001,01,911976,Geldautomaat,Available,False,2023-12-12 15:24:06
5662001,01,910617,Geldautomaat,Available,False,2023-12-12 15:24:06
5663001,01,910618,Geldautomaat,Available,False,2023-12-12 15:24:07
5664001,01,912111,Geldautomaat,Available,False,2023-12-12 15:24:07
5664003,01,912897,Geldautomaat,Available,False,2023-12-12 15:24:08
5664003,02,811119,Geld storten en opnemen,Available,False,2023-12-12 15:24:08
5664003,03,610629,Sealbag-automaat,Available,False,2023-12-12 15:24:08
5664007,01,811514,Geld storten en opnemen,Available,True,2023-12-12 15:24:08
5665001,01,910689,Geldautomaat,Available,False,2023-12-12 15:24:09
5671001,01,810203,Geld storten en opnemen,Available,False,2023-12-12 15:24:09
5671001,02,610151,Sealbag-automaat,Available,False,2023-12-12 15:24:09
5671002,01,911731,Geldautomaat,Available,False,2023-12-12 15:24:10
5671003,01,811348,Geld storten en opnemen,Available,True,2023-12-12 15:24:10
5672002,01,910626,Geldautomaat,Available,False,2023-12-12 15:24:10
5672003,01,812616,Geld storten en opnemen,Available,True,2023-12-12 15:24:11
5683001,01,810143,Geld storten en opnemen,Available,True,2023-12-12 15:24:11
5683001,02,610083,Sealbag-automaat,Available,False,2023-12-12 15:24:11
5683003,01,911587,Geldautomaat,Available,False,2023-12-12 15:24:12
5683004,01,811081,Geld storten en opnemen,Available,True,2023-12-12 15:24:12
5684001,01,910715,Geldautomaat,Available,False,2023-12-12 15:24:13
5684002,01,910716,Geldautomaat,Available,False,2023-12-12 15:24:13
5684003,01,812591,Geld storten en opnemen,Available,True,2023-12-12 15:24:14
5685001,01,910707,Geldautomaat,Available,False,2023-12-12 15:24:14
5688001,01,810206,Geld storten en opnemen,Available,True,2023-12-12 15:24:14
5688001,02,610154,Sealbag-automaat,Available,False,2023-12-12 15:24:14
5688002,01,911734,Geldautomaat,Available,False,2023-12-12 15:24:15
5688004,01,812863,Geld storten en opnemen,Unavailable,False,2023-12-12 15:24:15
5691001,01,610186,Sealbag-automaat,Available,False,2023-12-12 15:24:16
5691001,02,810240,Geld storten en opnemen,Available,True,2023-12-12 15:24:16
5691002,01,911803,Geldautomaat,Available,False,2023-12-12 15:24:16
5691003,01,811575,Geld storten en opnemen,Available,True,2023-12-12 15:24:17
5694001,01,910678,Geldautomaat,Available,False,2023-12-12 15:24:17
5701001,01,812432,Geld storten en opnemen,Available,False,2023-12-12 15:24:17
5701002,01,912326,Geldautomaat,Available,False,2023-12-12 15:24:18
5701003,01,913895,Geldautomaat,Available,False,2023-12-12 15:24:18
5701006,01,913581,Geldautomaat,Unavailable,False,2023-12-12 15:24:19
5701006,02,811972,Geld storten en opnemen,Unavailable,False,2023-12-12 15:24:19
5701006,03,610945,Sealbag-automaat,Available,False,2023-12-12 15:24:19
5701009,01,810517,Geld storten en opnemen,Available,True,2023-12-12 15:24:19
5701009,02,810518,Geld storten en opnemen,Available,True,2023-12-12 15:24:19
5702001,01,920370,Geldautomaat,Available,False,2023-12-12 15:24:20
5702002,01,812458,Geld storten en opnemen,Available,True,2023-12-12 15:24:20
5703002,01,912995,Geldautomaat,Available,False,2023-12-12 15:24:21
5704001,01,910679,Geldautomaat,Available,False,2023-12-12 15:24:21
5704002,01,910844,Geldautomaat,Available,False,2023-12-12 15:24:21
5706001,01,812180,Geld storten en opnemen,Available,True,2023-12-12 15:24:22
5706001,02,920371,Geldautomaat,Available,False,2023-12-12 15:24:22
5707001,01,920080,Geldautomaat,Available,False,2023-12-12 15:24:22
5707003,01,813103,Geld storten en opnemen,Available,True,2023-12-12 15:24:23
5708001,01,911883,Geldautomaat,Available,False,2023-12-12 15:24:23
5708002,01,911884,Geldautomaat,Available,False,2023-12-12 15:24:24
5708003,01,910018,Geldautomaat,Available,False,2023-12-12 15:24:24
5709002,01,910696,Geldautomaat,Available,False,2023-12-12 15:24:25
5711001,01,813049,Geld storten en opnemen,Available,False,2023-12-12 15:24:25
5711001,02,611482,Sealbag-automaat,Available,False,2023-12-12 15:24:25
5711002,01,911801,Geldautomaat,Unavailable,False,2023-12-12 15:24:25
5711003,01,911802,Geldautomaat,Available,False,2023-12-12 15:24:26
5711003,02,810247,Geld storten en opnemen,Available,True,2023-12-12 15:24:26
5711003,03,610183,Sealbag-automaat,Available,False,2023-12-12 15:24:26
5711004,01,811362,Geld storten en opnemen,Available,True,2023-12-12 15:24:26
5712001,01,910906,Geldautomaat,Available,False,2023-12-12 15:24:27
5721002,01,912664,Geldautomaat,Available,False,2023-12-12 15:24:27
5721005,01,811862,Geld storten en opnemen,Available,True,2023-12-12 15:24:28
5721006,01,611471,Sealbag-automaat,Available,False,2023-12-12 15:24:28
5721006,02,813005,Geld storten en opnemen,Available,False,2023-12-12 15:24:28
5725001,01,920018,Geldautomaat,Available,False,2023-12-12 15:24:29
5731001,01,912701,Geldautomaat,Available,False,2023-12-12 15:24:29
5731002,01,811147,Geld storten en opnemen,Available,True,2023-12-12 15:24:29
5735001,01,910846,Geldautomaat,Available,False,2023-12-12 15:24:30
5737001,01,812071,Geld storten en opnemen,Available,True,2023-12-12 15:24:30
5738001,01,910882,Geldautomaat,Available,False,2023-12-12 15:24:31
5741003,01,914729,Geldautomaat,Available,False,2023-12-12 15:24:31
5741003,02,611392,Sealbag-automaat,Available,False,2023-12-12 15:24:31
5741003,03,812480,Geld storten en opnemen,Available,True,2023-12-12 15:24:31
5751001,01,912090,Geldautomaat,Available,False,2023-12-12 15:24:32
5751002,01,913483,Geldautomaat,Available,False,2023-12-12 15:24:32
5751002,02,610317,Sealbag-automaat,Available,False,2023-12-12 15:24:32
5751003,01,910921,Geldautomaat,Unavailable,False,2023-12-12 15:24:32
5751005,01,811101,Geld storten en opnemen,Available,True,2023-12-12 15:24:33
5751008,01,812564,Geld storten en opnemen,Available,True,2023-12-12 15:24:33
5753001,01,920078,Geldautomaat,Available,False,2023-12-12 15:24:34
5757001,01,910851,Geldautomaat,Available,False,2023-12-12 15:24:34
5758001,01,910888,Geldautomaat,Unavailable,False,2023-12-12 15:24:35
5759001,01,920142,Geldautomaat,Available,False,2023-12-12 15:24:35
5761001,01,610074,Sealbag-automaat,Available,False,2023-12-12 15:24:36
5761001,02,911570,Geldautomaat,Available,False,2023-12-12 15:24:36
5761001,03,911571,Geldautomaat,Available,False,2023-12-12 15:24:36
5763001,01,910887,Geldautomaat,Available,False,2023-12-12 15:24:36
5764001,01,920388,Geldautomaat,Available,False,2023-12-12 15:24:36
5768001,01,920389,Geldautomaat,Unavailable,False,2023-12-12 15:24:37
5801001,01,914652,Geldautomaat,Unavailable,False,2023-12-12 15:24:37
5801002,01,912486,Geldautomaat,Available,False,2023-12-12 15:24:38
5801006,01,811199,Geld storten en opnemen,Available,True,2023-12-12 15:24:38
5801008,01,812364,Geld storten en opnemen,Available,True,2023-12-12 15:24:39
5801009,01,930013,Geldautomaat,Unavailable,False,2023-12-12 15:24:39
5802001,01,610968,Sealbag-automaat,Available,False,2023-12-12 15:24:40
5802001,02,811429,Geld storten en opnemen,Available,True,2023-12-12 15:24:40
5802001,03,811857,Geld storten en opnemen,Unavailable,False,2023-12-12 15:24:40
5807001,01,910814,Geldautomaat,Available,False,2023-12-12 15:24:40
5809001,01,910805,Geldautomaat,Available,False,2023-12-12 15:24:40
5813001,01,910838,Geldautomaat,Available,False,2023-12-12 15:24:41
5821001,01,910830,Geldautomaat,Available,False,2023-12-12 15:24:41
5825001,01,610163,Sealbag-automaat,Available,False,2023-12-12 15:24:42
5825001,02,911755,Geldautomaat,Available,False,2023-12-12 15:24:42
5831002,01,610625,Sealbag-automaat,Available,False,2023-12-12 15:24:42
5831002,02,811088,Geld storten en opnemen,Available,True,2023-12-12 15:24:42
5831002,03,912887,Geldautomaat,Available,False,2023-12-12 15:24:42
5831004,01,914343,Geldautomaat,Available,False,2023-12-12 15:24:43
5831006,01,812855,Geld storten en opnemen,Available,True,2023-12-12 15:24:43
5841001,01,910815,Geldautomaat,Available,False,2023-12-12 15:24:44
5845001,01,610189,Sealbag-automaat,Available,False,2023-12-12 15:24:44
5845001,02,911810,Geldautomaat,Available,False,2023-12-12 15:24:44
5851001,01,910749,Geldautomaat,Available,False,2023-12-12 15:24:45
5853001,01,910771,Geldautomaat,Available,False,2023-12-12 15:24:45
5854001,01,810082,Geld storten en opnemen,Available,True,2023-12-12 15:24:45
5854001,02,610021,Sealbag-automaat,Available,False,2023-12-12 15:24:45
5854004,01,930026,Geldautomaat,Unavailable,False,2023-12-12 15:24:46
5861002,01,912898,Geldautomaat,Available,False,2023-12-12 15:24:47
5864001,01,910729,Geldautomaat,Available,False,2023-12-12 15:24:47
5911001,01,912484,Geldautomaat,Available,False,2023-12-12 15:24:48
5911004,01,813030,Geld storten en opnemen,Available,True,2023-12-12 15:24:48
5911004,02,611066,Sealbag-automaat,Available,False,2023-12-12 15:24:48
5911004,03,914712,Geldautomaat,Unavailable,False,2023-12-12 15:24:48
5911006,01,810635,Geld storten en opnemen,Available,True,2023-12-12 15:24:49
5912001,01,910638,Geldautomaat,Available,False,2023-12-12 15:24:49
5912002,01,812893,Geld storten en opnemen,Available,True,2023-12-12 15:24:50
5913001,01,910735,Geldautomaat,Available,False,2023-12-12 15:24:50
5914001,01,910705,Geldautomaat,Available,False,2023-12-12 15:24:51
5915001,01,910639,Geldautomaat,Available,False,2023-12-12 15:24:51
5916002,01,914861,Geldautomaat,Available,False,2023-12-12 15:24:51
5921002,01,811084,Geld storten en opnemen,Available,True,2023-12-12 15:24:52
5921003,01,610571,Sealbag-automaat,Available,False,2023-12-12 15:24:52
5921003,02,912668,Geldautomaat,Available,False,2023-12-12 15:24:52
5921003,03,912669,Geldautomaat,Available,False,2023-12-12 15:24:52
5921005,01,812560,Geld storten en opnemen,Available,True,2023-12-12 15:24:53
5922001,01,910734,Geldautomaat,Unavailable,False,2023-12-12 15:24:53
5931001,01,610604,Sealbag-automaat,Available,False,2023-12-12 15:24:54
5931001,02,812549,Geld storten en opnemen,Available,True,2023-12-12 15:24:54
5931003,01,912714,Geldautomaat,Available,False,2023-12-12 15:24:54
5931006,01,812191,Geld storten en opnemen,Available,True,2023-12-12 15:24:54
5932001,01,910732,Geldautomaat,Available,False,2023-12-12 15:24:55
5941001,01,911544,Geldautomaat,Available,False,2023-12-12 15:24:55
5941001,02,610064,Sealbag-automaat,Available,False,2023-12-12 15:24:55
5944002,01,913566,Geldautomaat,Available,False,2023-12-12 15:24:56
5951002,01,812379,Geld storten en opnemen,Available,True,2023-12-12 15:24:56
5953001,01,610979,Sealbag-automaat,Available,False,2023-12-12 15:24:57
5953001,02,810210,Geld storten en opnemen,Available,True,2023-12-12 15:24:57
5953003,01,811356,Geld storten en opnemen,Available,True,2023-12-12 15:24:57
5961001,01,912342,Geldautomaat,Available,False,2023-12-12 15:24:57
5961005,01,811865,Geld storten en opnemen,Available,True,2023-12-12 15:24:58
5961007,01,813008,Geld storten en opnemen,Available,False,2023-12-12 15:24:58
5961007,02,611473,Sealbag-automaat,Available,False,2023-12-12 15:24:58
5963001,01,910032,Geldautomaat,Available,False,2023-12-12 15:24:59
5971001,01,910706,Geldautomaat,Available,False,2023-12-12 15:24:59
5973001,01,910725,Geldautomaat,Available,False,2023-12-12 15:25:00
5975001,01,610060,Sealbag-automaat,Available,False,2023-12-12 15:25:00
5975001,02,911536,Geldautomaat,Available,False,2023-12-12 15:25:00
5975002,01,812688,Geld storten en opnemen,Available,True,2023-12-12 15:25:01
5981001,01,810101,Geld storten en opnemen,Unavailable,False,2023-12-12 15:25:01
5981001,02,610034,Sealbag-automaat,Available,False,2023-12-12 15:25:01
5981005,01,811165,Geld storten en opnemen,Available,True,2023-12-12 15:25:01
5986001,01,910674,Geldautomaat,Available,False,2023-12-12 15:25:02
5988001,01,910621,Geldautomaat,Unavailable,False,2023-12-12 15:25:02
5991001,01,920209,Geldautomaat,Available,False,2023-12-12 15:25:03
5991001,02,610043,Sealbag-automaat,Available,False,2023-12-12 15:25:03
5993001,01,910602,Geldautomaat,Available,False,2023-12-12 15:25:03
5995001,01,910600,Geldautomaat,Unavailable,False,2023-12-12 15:25:04
6001001,01,912499,Geldautomaat,Available,False,2023-12-12 15:25:04
6001004,01,914117,Geldautomaat,Available,False,2023-12-12 15:25:05
6001004,02,914118,Geldautomaat,Available,False,2023-12-12 15:25:05
6001004,03,611249,Sealbag-automaat,Available,False,2023-12-12 15:25:05
6001005,01,811598,Geld storten en opnemen,Available,True,2023-12-12 15:25:05
6001006,01,810644,Geld storten en opnemen,Available,True,2023-12-12 15:25:05
6002001,01,910585,Geldautomaat,Available,False,2023-12-12 15:25:06
6004002,01,812141,Geld storten en opnemen,Available,True,2023-12-12 15:25:06
6006004,01,920441,Geldautomaat,Available,False,2023-12-12 15:25:07
6006005,01,930001,Geldautomaat,Available,False,2023-12-12 15:25:08
6011001,01,910613,Geldautomaat,Available,False,2023-12-12 15:25:08
6017001,01,910606,Geldautomaat,Available,False,2023-12-12 15:25:08
6019001,01,910642,Geldautomaat,Available,False,2023-12-12 15:25:09
6021002,01,911601,Geldautomaat,Available,False,2023-12-12 15:25:09
6021003,01,811922,Geld storten en opnemen,Available,True,2023-12-12 15:25:10
6026001,01,812395,Geld storten en opnemen,Available,False,2023-12-12 15:25:10
6026001,02,914605,Geldautomaat,Available,False,2023-12-12 15:25:10
6027001,01,910633,Geldautomaat,Available,False,2023-12-12 15:25:11
6029001,01,910551,Geldautomaat,Available,False,2023-12-12 15:25:11
6031001,01,911981,Geldautomaat,Available,False,2023-12-12 15:25:11
6031001,02,911982,Geldautomaat,Available,False,2023-12-12 15:25:11
6031001,03,810331,Geld storten en opnemen,Available,True,2023-12-12 15:25:11
6035001,01,910547,Geldautomaat,Available,False,2023-12-12 15:25:12
6039001,01,811994,Geld storten en opnemen,Available,True,2023-12-12 15:25:12
6041002,01,611021,Sealbag-automaat,Available,False,2023-12-12 15:25:13
6041002,02,813012,Geld storten en opnemen,Available,False,2023-12-12 15:25:13
6041003,01,910439,Geldautomaat,Available,False,2023-12-12 15:25:13
6042002,01,911961,Geldautomaat,Unavailable,False,2023-12-12 15:25:14
6042002,02,610266,Sealbag-automaat,Available,False,2023-12-12 15:25:14
6042002,03,811270,Geld storten en opnemen,Available,True,2023-12-12 15:25:14
6042003,01,910454,Geldautomaat,Available,False,2023-12-12 15:25:14
6043001,01,910469,Geldautomaat,Available,False,2023-12-12 15:25:15
6043001,02,910436,Geldautomaat,Available,False,2023-12-12 15:25:15
6043003,01,920037,Geldautomaat,Available,False,2023-12-12 15:25:15
6045001,01,910443,Geldautomaat,Available,False,2023-12-12 15:25:16
6049001,01,910430,Geldautomaat,Available,False,2023-12-12 15:25:16
6051005,01,812100,Geld storten en opnemen,Available,False,2023-12-12 15:25:16
6061001,01,910453,Geldautomaat,Available,False,2023-12-12 15:25:17
6063001,01,910466,Geldautomaat,Available,False,2023-12-12 15:25:17
6065001,01,910542,Geldautomaat,Available,False,2023-12-12 15:25:18
6067001,01,910515,Geldautomaat,Available,False,2023-12-12 15:25:18
6071001,01,811186,Geld storten en opnemen,Available,True,2023-12-12 15:25:19
6071002,01,610597,Sealbag-automaat,Available,False,2023-12-12 15:25:19
6071002,02,912713,Geldautomaat,Available,False,2023-12-12 15:25:19
6074001,01,910518,Geldautomaat,Available,False,2023-12-12 15:25:20
6075002,01,810513,Geld storten en opnemen,Available,True,2023-12-12 15:25:20
6081001,01,910512,Geldautomaat,Available,False,2023-12-12 15:25:21
6085001,01,910538,Geldautomaat,Available,False,2023-12-12 15:25:21
6086001,01,910519,Geldautomaat,Available,False,2023-12-12 15:25:21
6088001,01,910520,Geldautomaat,Available,False,2023-12-12 15:25:22
6093002,01,912331,Geldautomaat,Available,False,2023-12-12 15:25:22
6093002,02,610743,Sealbag-automaat,Available,False,2023-12-12 15:25:22
6093003,01,811034,Geld storten en opnemen,Available,True,2023-12-12 15:25:23
6095001,01,910508,Geldautomaat,Available,False,2023-12-12 15:25:23
6096001,01,920039,Geldautomaat,Available,False,2023-12-12 15:25:24
6097001,01,912006,Geldautomaat,Available,False,2023-12-12 15:25:24
6097001,02,610287,Sealbag-automaat,Available,False,2023-12-12 15:25:24
6101002,01,912606,Geldautomaat,Available,False,2023-12-12 15:25:25
6101004,01,914145,Geldautomaat,Available,False,2023-12-12 15:25:25
6101004,02,812453,Geld storten en opnemen,Available,False,2023-12-12 15:25:25
6101004,03,611133,Sealbag-automaat,Available,False,2023-12-12 15:25:25
6101005,01,811508,Geld storten en opnemen,Available,True,2023-12-12 15:25:26
6102001,01,910169,Geldautomaat,Available,False,2023-12-12 15:25:26
6114001,01,911819,Geldautomaat,Available,False,2023-12-12 15:25:27
6114001,02,610194,Sealbag-automaat,Available,False,2023-12-12 15:25:27
6114002,01,812695,Geld storten en opnemen,Available,True,2023-12-12 15:25:27
6116001,01,910180,Geldautomaat,Available,False,2023-12-12 15:25:28
6118002,01,914000,Geldautomaat,Available,False,2023-12-12 15:25:28
6121001,01,610045,Sealbag-automaat,Available,False,2023-12-12 15:25:28
6121001,02,911502,Geldautomaat,Available,False,2023-12-12 15:25:28
6121001,03,810113,Geld storten en opnemen,Available,True,2023-12-12 15:25:28
6125001,01,910179,Geldautomaat,Available,False,2023-12-12 15:25:29
6127001,01,910168,Geldautomaat,Available,False,2023-12-12 15:25:29
6129001,01,910182,Geldautomaat,Available,False,2023-12-12 15:25:30
6131002,01,911793,Geldautomaat,Unavailable,False,2023-12-12 15:25:30
6131003,01,911794,Geldautomaat,Available,False,2023-12-12 15:25:31
6131004,01,810243,Geld storten en opnemen,Available,True,2023-12-12 15:25:31
6131004,02,610182,Sealbag-automaat,Available,False,2023-12-12 15:25:31
6131004,03,913619,Geldautomaat,Available,False,2023-12-12 15:25:31
6131010,01,811574,Geld storten en opnemen,Available,True,2023-12-12 15:25:32
6132001,01,910170,Geldautomaat,Available,False,2023-12-12 15:25:32
6135001,01,910175,Geldautomaat,Unavailable,False,2023-12-12 15:25:33
6135002,01,930014,Geldautomaat,Available,False,2023-12-12 15:25:33
6137001,01,910181,Geldautomaat,Available,False,2023-12-12 15:25:33
6141001,01,910174,Geldautomaat,Available,False,2023-12-12 15:25:34
6151001,01,910162,Geldautomaat,Available,False,2023-12-12 15:25:34
6161001,01,810167,Geld storten en opnemen,Available,True,2023-12-12 15:25:35
6161002,01,911648,Geldautomaat,Available,False,2023-12-12 15:25:35
6161003,01,610784,Sealbag-automaat,Available,False,2023-12-12 15:25:36
6161003,02,920428,Geldautomaat,Available,False,2023-12-12 15:25:36
6161005,01,811633,Geld storten en opnemen,Unavailable,False,2023-12-12 15:25:36
6162001,01,920070,Geldautomaat,Available,False,2023-12-12 15:25:37
6163001,01,910227,Geldautomaat,Available,False,2023-12-12 15:25:37
6164002,01,910276,Geldautomaat,Available,False,2023-12-12 15:25:38
6164003,01,920505,Geldautomaat,Available,False,2023-12-12 15:25:38
6166001,01,910263,Geldautomaat,Available,False,2023-12-12 15:25:38
6171001,01,810105,Geld storten en opnemen,Available,True,2023-12-12 15:25:39
6171002,01,920290,Geldautomaat,Available,False,2023-12-12 15:25:39
6171004,01,811900,Geld storten en opnemen,Unavailable,False,2023-12-12 15:25:40
6176001,01,910267,Geldautomaat,Available,False,2023-12-12 15:25:40
6181001,01,910235,Geldautomaat,Available,False,2023-12-12 15:25:41
6191001,01,811076,Geld storten en opnemen,Available,True,2023-12-12 15:25:41
6191002,01,912666,Geldautomaat,Available,False,2023-12-12 15:25:42
6191004,01,911962,Geldautomaat,Available,False,2023-12-12 15:25:42
6191007,01,611259,Sealbag-automaat,Available,False,2023-12-12 15:25:42
6191007,02,812280,Geld storten en opnemen,Available,False,2023-12-12 15:25:42
6191008,01,812698,Geld storten en opnemen,Available,True,2023-12-12 15:25:43
6211001,01,810379,Geld storten en opnemen,Unavailable,True,2023-12-12 15:25:43
6211002,01,610327,Sealbag-automaat,Available,False,2023-12-12 15:25:44
6211002,02,912123,Geldautomaat,Available,False,2023-12-12 15:25:44
6211003,01,912118,Geldautomaat,Available,False,2023-12-12 15:25:44
6211004,01,912120,Geldautomaat,Available,False,2023-12-12 15:25:45
6211004,02,912119,Geldautomaat,Available,False,2023-12-12 15:25:45
6211006,01,912122,Geldautomaat,Available,False,2023-12-12 15:25:45
6211011,01,914314,Geldautomaat,Available,False,2023-12-12 15:25:45
6216001,01,912185,Geldautomaat,Available,False,2023-12-12 15:25:46
6216003,01,810417,Geld storten en opnemen,Available,True,2023-12-12 15:25:46
6217001,01,911504,Geldautomaat,Available,False,2023-12-12 15:25:47
6217002,01,610047,Sealbag-automaat,Available,False,2023-12-12 15:25:47
6217002,02,911505,Geldautomaat,Available,False,2023-12-12 15:25:47
6217003,01,914739,Geldautomaat,Available,False,2023-12-12 15:25:48
6217003,02,813010,Geld storten en opnemen,Available,True,2023-12-12 15:25:48
6221001,01,811144,Geld storten en opnemen,Available,True,2023-12-12 15:25:48
6221002,01,912700,Geldautomaat,Available,False,2023-12-12 15:25:49
6221005,01,920072,Geldautomaat,Available,False,2023-12-12 15:25:49
6224001,01,812425,Geld storten en opnemen,Available,True,2023-12-12 15:25:50
6224002,01,910266,Geldautomaat,Available,False,2023-12-12 15:25:50
6225001,01,910224,Geldautomaat,Available,False,2023-12-12 15:25:50
6226001,01,911924,Geldautomaat,Available,False,2023-12-12 15:25:51
6227001,01,810309,Geld storten en opnemen,Available,True,2023-12-12 15:25:51
6227001,02,610255,Sealbag-automaat,Available,False,2023-12-12 15:25:51
6227005,01,812587,Geld storten en opnemen,Available,True,2023-12-12 15:25:52
6229001,01,811227,Geld storten en opnemen,Available,True,2023-12-12 15:25:52
6229002,01,912738,Geldautomaat,Available,False,2023-12-12 15:25:53
6231002,01,810556,Geld storten en opnemen,Available,True,2023-12-12 15:25:53
6231003,01,812895,Geld storten en opnemen,Available,True,2023-12-12 15:25:53
6235001,01,910051,Geldautomaat,Available,False,2023-12-12 15:25:54
6241001,01,910232,Geldautomaat,Available,False,2023-12-12 15:25:54
6241002,01,910233,Geldautomaat,Available,False,2023-12-12 15:25:55
6245003,01,810691,Geld storten en opnemen,Unavailable,False,2023-12-12 15:25:55
6245003,02,912588,Geldautomaat,Unavailable,False,2023-12-12 15:25:55
6247001,01,920121,Geldautomaat,Available,False,2023-12-12 15:25:56
6261001,01,910258,Geldautomaat,Available,False,2023-12-12 15:25:56
6267001,01,910234,Geldautomaat,Available,False,2023-12-12 15:25:57
6269002,01,813031,Geld storten en opnemen,Available,True,2023-12-12 15:25:57
6271001,01,610898,Sealbag-automaat,Available,False,2023-12-12 15:25:58
6271001,02,810971,Geld storten en opnemen,Available,True,2023-12-12 15:25:58
6271002,01,811328,Geld storten en opnemen,Available,True,2023-12-12 15:25:58
6271004,01,812607,Geld storten en opnemen,Available,True,2023-12-12 15:25:58
6281001,01,910255,Geldautomaat,Available,False,2023-12-12 15:25:59
6291001,01,810825,Geld storten en opnemen,Available,True,2023-12-12 15:25:59
6291002,01,811195,Geld storten en opnemen,Available,True,2023-12-12 15:26:00
6291003,01,912717,Geldautomaat,Available,False,2023-12-12 15:26:00
6291005,01,610792,Sealbag-automaat,Available,False,2023-12-12 15:26:01
6294001,01,812198,Geld storten en opnemen,Available,True,2023-12-12 15:26:01
6301001,01,810611,Geld storten en opnemen,Available,True,2023-12-12 15:26:02
6301001,02,611439,Sealbag-automaat,Available,False,2023-12-12 15:26:02
6301002,01,912464,Geldautomaat,Available,False,2023-12-12 15:26:02
6325001,01,910321,Geldautomaat,Available,False,2023-12-12 15:26:02
6333001,01,910364,Geldautomaat,Available,False,2023-12-12 15:26:03
6336001,01,910332,Geldautomaat,Available,False,2023-12-12 15:26:03
6336002,01,910333,Geldautomaat,Available,False,2023-12-12 15:26:04
6351001,01,910331,Geldautomaat,Available,False,2023-12-12 15:26:04
6361002,01,813046,Geld storten en opnemen,Available,False,2023-12-12 15:26:05
6365001,01,910365,Geldautomaat,Available,False,2023-12-12 15:26:05
6367002,01,610082,Sealbag-automaat,Available,False,2023-12-12 15:26:06
6367002,02,911585,Geldautomaat,Available,False,2023-12-12 15:26:06
6369001,01,811180,Geld storten en opnemen,Available,True,2023-12-12 15:26:06
6369002,01,912805,Geldautomaat,Available,False,2023-12-12 15:26:06
6369002,02,610612,Sealbag-automaat,Available,False,2023-12-12 15:26:06
6371001,01,811335,Geld storten en opnemen,Available,True,2023-12-12 15:26:07
6371004,01,913056,Geldautomaat,Available,False,2023-12-12 15:26:07
6372001,01,610796,Sealbag-automaat,Available,False,2023-12-12 15:26:08
6372001,02,811041,Geld storten en opnemen,Available,True,2023-12-12 15:26:08
6372002,01,910362,Geldautomaat,Available,False,2023-12-12 15:26:08
6374001,01,910368,Geldautomaat,Available,False,2023-12-12 15:26:09
6411002,01,912312,Geldautomaat,Available,False,2023-12-12 15:26:09
6411003,01,912313,Geldautomaat,Available,False,2023-12-12 15:26:10
6411009,01,913275,Geldautomaat,Available,False,2023-12-12 15:26:10
6411009,02,811130,Geld storten en opnemen,Available,True,2023-12-12 15:26:10
6411009,03,610758,Sealbag-automaat,Available,False,2023-12-12 15:26:10
6411014,01,813107,Geld storten en opnemen,Available,True,2023-12-12 15:26:11
6413001,01,811247,Geld storten en opnemen,Available,True,2023-12-12 15:26:11
6413003,01,912759,Geldautomaat,Available,False,2023-12-12 15:26:11
6415001,01,910374,Geldautomaat,Available,False,2023-12-12 15:26:12
6416001,01,914306,Geldautomaat,Available,False,2023-12-12 15:26:12
6418001,01,920551,Geldautomaat,Available,False,2023-12-12 15:26:13
6418002,01,811437,Geld storten en opnemen,Available,True,2023-12-12 15:26:13
6419001,01,910346,Geldautomaat,Available,False,2023-12-12 15:26:14
6419003,01,913601,Geldautomaat,Available,False,2023-12-12 15:26:14
6431001,01,810514,Geld storten en opnemen,Available,True,2023-12-12 15:26:15
6431001,02,610420,Sealbag-automaat,Available,False,2023-12-12 15:26:15
6431002,01,910345,Geldautomaat,Unavailable,False,2023-12-12 15:26:15
6431003,01,910348,Geldautomaat,Available,False,2023-12-12 15:26:15
6438001,01,610279,Sealbag-automaat,Available,False,2023-12-12 15:26:16
6438001,02,911986,Geldautomaat,Available,False,2023-12-12 15:26:16
6441001,01,910328,Geldautomaat,Available,False,2023-12-12 15:26:16
6441002,01,912085,Geldautomaat,Available,False,2023-12-12 15:26:17
6441004,01,812088,Geld storten en opnemen,Available,True,2023-12-12 15:26:17
6444001,01,610324,Sealbag-automaat,Available,False,2023-12-12 15:26:18
6444001,02,810358,Geld storten en opnemen,Available,True,2023-12-12 15:26:18
6451001,01,810025,Geld storten en opnemen,Available,True,2023-12-12 15:26:18
6461001,01,810531,Geld storten en opnemen,Available,True,2023-12-12 15:26:19
6461001,02,810979,Geld storten en opnemen,Available,True,2023-12-12 15:26:19
6461001,03,610432,Sealbag-automaat,Available,False,2023-12-12 15:26:19
6461002,01,910347,Geldautomaat,Available,False,2023-12-12 15:26:19
6461005,01,810539,Geld storten en opnemen,Available,True,2023-12-12 15:26:19
6462001,01,910444,Geldautomaat,Available,False,2023-12-12 15:26:20
6463001,01,910432,Geldautomaat,Available,False,2023-12-12 15:26:20
6466001,01,910360,Geldautomaat,Available,False,2023-12-12 15:26:21
6466002,01,911408,Geldautomaat,Available,False,2023-12-12 15:26:21
6466003,01,810056,Geld storten en opnemen,Available,True,2023-12-12 15:26:22
6471002,01,910429,Geldautomaat,Available,False,2023-12-12 15:26:22
6511001,01,811888,Geld storten en opnemen,Available,True,2023-12-12 15:26:23
6511001,02,914006,Geldautomaat,Available,False,2023-12-12 15:26:23
6511001,03,811840,Geld storten en opnemen,Available,True,2023-12-12 15:26:23
6511002,01,911725,Geldautomaat,Available,False,2023-12-12 15:26:23
6511004,01,910956,Geldautomaat,Available,False,2023-12-12 15:26:24
6511004,02,910955,Geldautomaat,Available,False,2023-12-12 15:26:24
6511005,01,810200,Geld storten en opnemen,Available,False,2023-12-12 15:26:24
6511005,02,911727,Geldautomaat,Unavailable,False,2023-12-12 15:26:24
6511005,03,812231,Geld storten en opnemen,Available,True,2023-12-12 15:26:24
6511005,04,610149,Sealbag-automaat,Available,False,2023-12-12 15:26:24
6511009,01,610148,Sealbag-automaat,Available,False,2023-12-12 15:26:24
6515001,01,910957,Geldautomaat,Available,False,2023-12-12 15:26:25
6521002,01,811436,Geld storten en opnemen,Available,True,2023-12-12 15:26:25
6521003,01,912736,Geldautomaat,Available,False,2023-12-12 15:26:26
6523002,01,812535,Geld storten en opnemen,Available,True,2023-12-12 15:26:26
6531001,01,910976,Geldautomaat,Available,False,2023-12-12 15:26:27
6533001,01,810325,Geld storten en opnemen,Available,False,2023-12-12 15:26:27
6533002,01,911977,Geldautomaat,Available,False,2023-12-12 15:26:28
6533003,01,910996,Geldautomaat,Available,False,2023-12-12 15:26:28
6535001,01,911921,Geldautomaat,Unavailable,False,2023-12-12 15:26:28
6535001,02,930059,Geldautomaat,Available,False,2023-12-12 15:26:28
6535001,03,930060,Geldautomaat,Available,False,2023-12-12 15:26:28
6535002,01,811666,Geld storten en opnemen,Available,True,2023-12-12 15:26:29
6535003,01,913067,Geldautomaat,Available,False,2023-12-12 15:26:29
6537001,01,910989,Geldautomaat,Available,False,2023-12-12 15:26:30
6538001,01,810292,Geld storten en opnemen,Available,True,2023-12-12 15:26:30
6538001,02,810293,Geld storten en opnemen,Available,False,2023-12-12 15:26:30
6538002,01,911901,Geldautomaat,Available,False,2023-12-12 15:26:31
6538003,01,911902,Geldautomaat,Available,False,2023-12-12 15:26:31
6538005,01,913958,Geldautomaat,Unavailable,False,2023-12-12 15:26:32
6538008,01,811614,Geld storten en opnemen,Available,True,2023-12-12 15:26:32
6542002,01,811454,Geld storten en opnemen,Available,True,2023-12-12 15:26:32
6542003,01,912783,Geldautomaat,Available,False,2023-12-12 15:26:33
6542004,01,912784,Geldautomaat,Unavailable,False,2023-12-12 15:26:33
6544001,01,910967,Geldautomaat,Available,False,2023-12-12 15:26:34
6546001,01,910987,Geldautomaat,Available,False,2023-12-12 15:26:34
6551001,01,920048,Geldautomaat,Available,False,2023-12-12 15:26:35
6561001,01,912289,Geldautomaat,Available,False,2023-12-12 15:26:35
6561002,01,811126,Geld storten en opnemen,Available,True,2023-12-12 15:26:36
6561003,01,812916,Geld storten en opnemen,Available,True,2023-12-12 15:26:36
6566001,01,811149,Geld storten en opnemen,Available,True,2023-12-12 15:26:37
6566002,01,810812,Geld storten en opnemen,Available,True,2023-12-12 15:26:37
6571001,01,911022,Geldautomaat,Available,False,2023-12-12 15:26:37
6573001,01,811077,Geld storten en opnemen,Available,True,2023-12-12 15:26:38
6573003,01,812712,Geld storten en opnemen,Available,True,2023-12-12 15:26:38
6578001,01,812210,Geld storten en opnemen,Available,True,2023-12-12 15:26:39
6581001,01,810980,Geld storten en opnemen,Available,True,2023-12-12 15:26:39
6581002,01,912387,Geldautomaat,Available,False,2023-12-12 15:26:40
6581007,01,611107,Sealbag-automaat,Available,False,2023-12-12 15:26:40
6581007,02,914084,Geldautomaat,Available,False,2023-12-12 15:26:40
6581008,01,812938,Geld storten en opnemen,Available,True,2023-12-12 15:26:41
6584001,01,920093,Geldautomaat,Available,False,2023-12-12 15:26:41
6585001,01,911040,Geldautomaat,Available,False,2023-12-12 15:26:41
6591001,01,912285,Geldautomaat,Available,False,2023-12-12 15:26:42
6591004,01,811412,Geld storten en opnemen,Available,True,2023-12-12 15:26:42
6591007,01,914600,Geldautomaat,Available,False,2023-12-12 15:26:43
6591007,02,811873,Geld storten en opnemen,Available,True,2023-12-12 15:26:43
6591010,01,812524,Geld storten en opnemen,Available,True,2023-12-12 15:26:43
6596001,01,911073,Geldautomaat,Available,False,2023-12-12 15:26:44
6602002,01,811033,Geld storten en opnemen,Available,True,2023-12-12 15:26:44
6602002,02,610794,Sealbag-automaat,Available,False,2023-12-12 15:26:44
6602003,01,912521,Geldautomaat,Available,False,2023-12-12 15:26:44
6602007,01,812116,Geld storten en opnemen,Available,True,2023-12-12 15:26:45
6602008,01,811212,Geld storten en opnemen,Available,True,2023-12-12 15:26:45
6605001,01,910029,Geldautomaat,Available,False,2023-12-12 15:26:46
6611001,01,911042,Geldautomaat,Available,False,2023-12-12 15:26:46
6617001,01,911023,Geldautomaat,Available,False,2023-12-12 15:26:46
6621001,01,810026,Geld storten en opnemen,Available,True,2023-12-12 15:26:47
6626001,01,911015,Geldautomaat,Available,False,2023-12-12 15:26:47
6627001,01,911070,Geldautomaat,Available,False,2023-12-12 15:26:48
6629001,01,911018,Geldautomaat,Available,False,2023-12-12 15:26:48
6631001,01,911066,Geldautomaat,Available,False,2023-12-12 15:26:49
6641001,01,810144,Geld storten en opnemen,Available,True,2023-12-12 15:26:49
6641002,01,911588,Geldautomaat,Available,False,2023-12-12 15:26:50
6641003,01,911589,Geldautomaat,Available,False,2023-12-12 15:26:50
6641003,02,610084,Sealbag-automaat,Available,False,2023-12-12 15:26:50
6641005,01,812519,Geld storten en opnemen,Available,True,2023-12-12 15:26:51
6641006,01,812542,Geld storten en opnemen,Available,True,2023-12-12 15:26:51
6645001,01,911099,Geldautomaat,Available,False,2023-12-12 15:26:51
6651002,01,911624,Geldautomaat,Available,False,2023-12-12 15:26:52
6651003,01,811108,Geld storten en opnemen,Available,True,2023-12-12 15:26:52
6651005,01,812522,Geld storten en opnemen,Available,True,2023-12-12 15:26:53
6652001,01,911623,Geldautomaat,Available,False,2023-12-12 15:26:53
6658001,01,811744,Geld storten en opnemen,Available,True,2023-12-12 15:26:54
6658002,01,610576,Sealbag-automaat,Available,False,2023-12-12 15:26:54
6658005,01,812262,Geld storten en opnemen,Available,True,2023-12-12 15:26:55
6659001,01,920065,Geldautomaat,Available,False,2023-12-12 15:26:55
6661001,01,912277,Geldautomaat,Available,False,2023-12-12 15:26:55
6661004,01,812822,Geld storten en opnemen,Unavailable,False,2023-12-12 15:26:56
6661004,02,611438,Sealbag-automaat,Unavailable,False,2023-12-12 15:26:56
6661006,01,811510,Geld storten en opnemen,Available,True,2023-12-12 15:26:56
6663001,01,911069,Geldautomaat,Available,False,2023-12-12 15:26:57
6665001,01,910941,Geldautomaat,Available,False,2023-12-12 15:26:57
6666001,01,911064,Geldautomaat,Available,False,2023-12-12 15:26:58
6669001,01,920008,Geldautomaat,Available,False,2023-12-12 15:26:58
6671001,01,911869,Geldautomaat,Available,False,2023-12-12 15:26:58
6671002,01,610227,Sealbag-automaat,Available,False,2023-12-12 15:26:59
6674001,01,911036,Geldautomaat,Available,False,2023-12-12 15:26:59
6681001,01,810138,Geld storten en opnemen,Available,True,2023-12-12 15:27:00
6681002,01,911574,Geldautomaat,Available,False,2023-12-12 15:27:00
6681003,01,610076,Sealbag-automaat,Available,False,2023-12-12 15:27:01
6681003,02,920577,Geldautomaat,Available,False,2023-12-12 15:27:01
6681003,03,920510,Geldautomaat,Available,False,2023-12-12 15:27:01
6686001,01,911054,Geldautomaat,Available,False,2023-12-12 15:27:01
6687001,01,911030,Geldautomaat,Available,False,2023-12-12 15:27:02
6691002,01,911651,Geldautomaat,Available,False,2023-12-12 15:27:02
6691004,01,812565,Geld storten en opnemen,Available,True,2023-12-12 15:27:03
6701002,01,810642,Geld storten en opnemen,Available,True,2023-12-12 15:27:03
6701003,01,812113,Geld storten en opnemen,Available,True,2023-12-12 15:27:03
6706001,01,930027,Geldautomaat,Unavailable,False,2023-12-12 15:27:04
6707001,01,912643,Geldautomaat,Available,False,2023-12-12 15:27:04
6708001,01,920207,Geldautomaat,Available,False,2023-12-12 15:27:05
6711001,01,611407,Sealbag-automaat,Available,False,2023-12-12 15:27:05
6711002,01,912109,Geldautomaat,Available,False,2023-12-12 15:27:06
6711006,01,811509,Geld storten en opnemen,Available,True,2023-12-12 15:27:06
6711007,01,811708,Geld storten en opnemen,Unavailable,False,2023-12-12 15:27:07
6713001,01,910060,Geldautomaat,Available,False,2023-12-12 15:27:07
6714001,01,811051,Geld storten en opnemen,Available,True,2023-12-12 15:27:07
6714004,01,912657,Geldautomaat,Available,False,2023-12-12 15:27:08
6716001,01,911152,Geldautomaat,Available,False,2023-12-12 15:27:08
6716003,01,912036,Geldautomaat,Available,False,2023-12-12 15:27:09
6716004,01,810350,Geld storten en opnemen,Available,True,2023-12-12 15:27:09
6717001,01,911151,Geldautomaat,Available,False,2023-12-12 15:27:10
6717002,01,812634,Geld storten en opnemen,Available,True,2023-12-12 15:27:10
6718001,01,911176,Geldautomaat,Available,False,2023-12-12 15:27:10
6721001,01,810139,Geld storten en opnemen,Available,True,2023-12-12 15:27:11
6721001,02,610077,Sealbag-automaat,Available,False,2023-12-12 15:27:11
6721002,01,911577,Geldautomaat,Available,False,2023-12-12 15:27:11
6731001,01,812197,Geld storten en opnemen,Available,True,2023-12-12 15:27:12
6732002,01,813045,Geld storten en opnemen,Available,True,2023-12-12 15:27:12
6733001,01,911097,Geldautomaat,Available,False,2023-12-12 15:27:13
6733002,01,914877,Geldautomaat,Available,False,2023-12-12 15:27:13
6741001,01,911703,Geldautomaat,Available,False,2023-12-12 15:27:14
6741002,01,610631,Sealbag-automaat,Available,False,2023-12-12 15:27:14
6741002,02,913613,Geldautomaat,Available,False,2023-12-12 15:27:14
6741004,01,811712,Geld storten en opnemen,Available,True,2023-12-12 15:27:14
6744001,01,920385,Geldautomaat,Unavailable,False,2023-12-12 15:27:15
6811001,01,810364,Geld storten en opnemen,Available,False,2023-12-12 15:27:15
6811002,01,811825,Geld storten en opnemen,Available,True,2023-12-12 15:27:16
6811002,02,812081,Geld storten en opnemen,Available,True,2023-12-12 15:27:16
6811003,01,912075,Geldautomaat,Available,False,2023-12-12 15:27:16
6811003,02,912076,Geldautomaat,Available,False,2023-12-12 15:27:16
6811004,01,912077,Geldautomaat,Available,False,2023-12-12 15:27:17
6811007,01,810340,Geld storten en opnemen,Available,False,2023-12-12 15:27:17
6811007,02,914156,Geldautomaat,Available,False,2023-12-12 15:27:17
6811009,01,811485,Geld storten en opnemen,Available,True,2023-12-12 15:27:18
6811010,01,611058,Sealbag-automaat,Available,False,2023-12-12 15:27:18
6814002,01,911543,Geldautomaat,Available,False,2023-12-12 15:27:18
6814003,01,811307,Geld storten en opnemen,Available,True,2023-12-12 15:27:19
6815001,01,920435,Geldautomaat,Available,False,2023-12-12 15:27:19
6822001,01,911163,Geldautomaat,Available,False,2023-12-12 15:27:20
6822003,01,810407,Geld storten en opnemen,Available,True,2023-12-12 15:27:20
6824002,01,914853,Geldautomaat,Available,False,2023-12-12 15:27:21
6826001,01,810712,Geld storten en opnemen,Available,True,2023-12-12 15:27:21
6826002,01,912612,Geldautomaat,Unavailable,False,2023-12-12 15:27:22
6826005,01,810729,Geld storten en opnemen,Available,True,2023-12-12 15:27:22
6826007,01,812858,Geld storten en opnemen,Available,True,2023-12-12 15:27:23
6828001,01,912040,Geldautomaat,Available,False,2023-12-12 15:27:23
6828002,01,812082,Geld storten en opnemen,Available,True,2023-12-12 15:27:23
6831001,01,911500,Geldautomaat,Available,False,2023-12-12 15:27:24
6831002,01,920440,Geldautomaat,Available,False,2023-12-12 15:27:24
6831002,02,610880,Sealbag-automaat,Available,False,2023-12-12 15:27:24
6831002,03,810947,Geld storten en opnemen,Available,True,2023-12-12 15:27:24
6831005,01,811910,Geld storten en opnemen,Available,True,2023-12-12 15:27:25
6831006,01,812854,Geld storten en opnemen,Available,True,2023-12-12 15:27:25
6832001,01,811788,Geld storten en opnemen,Available,True,2023-12-12 15:27:26
6832002,01,911168,Geldautomaat,Unavailable,False,2023-12-12 15:27:26
6835002,01,910927,Geldautomaat,Available,False,2023-12-12 15:27:26
6836002,01,911527,Geldautomaat,Available,False,2023-12-12 15:27:27
6836003,01,812540,Geld storten en opnemen,Available,True,2023-12-12 15:27:27
6843002,01,912748,Geldautomaat,Available,False,2023-12-12 15:27:28
6843004,01,812182,Geld storten en opnemen,Available,True,2023-12-12 15:27:28
6845001,01,911098,Geldautomaat,Available,False,2023-12-12 15:27:29
6845002,01,812690,Geld storten en opnemen,Available,True,2023-12-12 15:27:29
6846001,01,911180,Geldautomaat,Available,False,2023-12-12 15:27:29
6846002,01,812541,Geld storten en opnemen,Available,True,2023-12-12 15:27:30
6851001,01,810184,Geld storten en opnemen,Available,False,2023-12-12 15:27:30
6851002,01,911688,Geldautomaat,Available,False,2023-12-12 15:27:31
6851003,01,810185,Geld storten en opnemen,Available,True,2023-12-12 15:27:31
6851006,01,812568,Geld storten en opnemen,Available,True,2023-12-12 15:27:32
6852001,01,812620,Geld storten en opnemen,Available,True,2023-12-12 15:27:32
6861001,01,911745,Geldautomaat,Available,False,2023-12-12 15:27:32
6861003,01,811588,Geld storten en opnemen,Available,True,2023-12-12 15:27:33
6862001,01,610906,Sealbag-automaat,Available,False,2023-12-12 15:27:33
6862001,02,810213,Geld storten en opnemen,Available,True,2023-12-12 15:27:33
6865003,01,812416,Geld storten en opnemen,Available,True,2023-12-12 15:27:34
6866001,01,920043,Geldautomaat,Available,False,2023-12-12 15:27:34
6871001,01,811167,Geld storten en opnemen,Available,True,2023-12-12 15:27:35
6871002,01,912704,Geldautomaat,Available,False,2023-12-12 15:27:35
6881001,01,811722,Geld storten en opnemen,Available,True,2023-12-12 15:27:36
6881001,02,810629,Geld storten en opnemen,Unavailable,False,2023-12-12 15:27:36
6881001,03,610494,Sealbag-automaat,Available,False,2023-12-12 15:27:36
6881002,01,912483,Geldautomaat,Available,False,2023-12-12 15:27:36
6901002,01,912525,Geldautomaat,Available,False,2023-12-12 15:27:36
6901005,01,811604,Geld storten en opnemen,Available,True,2023-12-12 15:27:37
6901006,01,811381,Geld storten en opnemen,Available,True,2023-12-12 15:27:37
6901007,01,812435,Geld storten en opnemen,Available,True,2023-12-12 15:27:38
6903001,01,912526,Geldautomaat,Available,False,2023-12-12 15:27:38
6909001,01,911108,Geldautomaat,Available,False,2023-12-12 15:27:39
6911001,01,911132,Geldautomaat,Available,False,2023-12-12 15:27:39
6915001,01,911128,Geldautomaat,Available,False,2023-12-12 15:27:40
6921002,01,911625,Geldautomaat,Available,False,2023-12-12 15:27:40
6921003,01,911626,Geldautomaat,Available,False,2023-12-12 15:27:40
6921003,02,610098,Sealbag-automaat,Available,False,2023-12-12 15:27:40
6921006,01,811924,Geld storten en opnemen,Available,True,2023-12-12 15:27:41
6931001,01,911853,Geldautomaat,Available,False,2023-12-12 15:27:41
6931002,01,811209,Geld storten en opnemen,Available,True,2023-12-12 15:27:42
6931002,02,610214,Sealbag-automaat,Available,False,2023-12-12 15:27:42
6931004,01,812623,Geld storten en opnemen,Available,True,2023-12-12 15:27:42
6932001,01,911186,Geldautomaat,Available,False,2023-12-12 15:27:43
6942001,01,610992,Sealbag-automaat,Available,False,2023-12-12 15:27:43
6942001,02,810774,Geld storten en opnemen,Available,True,2023-12-12 15:27:43
6942002,01,811102,Geld storten en opnemen,Available,True,2023-12-12 15:27:44
6942004,01,911147,Geldautomaat,Available,False,2023-12-12 15:27:44
6942005,01,812520,Geld storten en opnemen,Available,True,2023-12-12 15:27:44
6951001,01,810096,Geld storten en opnemen,Available,False,2023-12-12 15:27:45
6951001,02,611032,Sealbag-automaat,Available,False,2023-12-12 15:27:45
6951002,01,911481,Geldautomaat,Available,False,2023-12-12 15:27:45
6951003,01,811803,Geld storten en opnemen,Available,True,2023-12-12 15:27:46
6961001,01,810779,Geld storten en opnemen,Available,False,2023-12-12 15:27:46
6961002,01,811111,Geld storten en opnemen,Available,True,2023-12-12 15:27:47
6961003,01,912682,Geldautomaat,Available,False,2023-12-12 15:27:47
6961003,02,610782,Sealbag-automaat,Available,False,2023-12-12 15:27:47
6971003,01,811881,Geld storten en opnemen,Available,True,2023-12-12 15:27:47
6981002,01,911610,Geldautomaat,Available,False,2023-12-12 15:27:48
6981005,01,811784,Geld storten en opnemen,Available,True,2023-12-12 15:27:48
6991001,01,911391,Geldautomaat,Available,False,2023-12-12 15:27:49
6991002,01,810024,Geld storten en opnemen,Available,True,2023-12-12 15:27:49
6999002,01,812097,Geld storten en opnemen,Available,True,2023-12-12 15:27:50
7001002,01,912254,Geldautomaat,Available,False,2023-12-12 15:27:50
7001005,01,810475,Geld storten en opnemen,Available,True,2023-12-12 15:27:51
7001006,01,812921,Geld storten en opnemen,Available,True,2023-12-12 15:27:51
7001007,01,813024,Geld storten en opnemen,Available,True,2023-12-12 15:27:52
7001007,02,611475,Sealbag-automaat,Available,False,2023-12-12 15:27:52
7001007,03,920311,Geldautomaat,Available,False,2023-12-12 15:27:52
7001008,01,813027,Geld storten en opnemen,Available,True,2023-12-12 15:27:52
7001008,02,813026,Geld storten en opnemen,Available,True,2023-12-12 15:27:52
7001008,03,813029,Geld storten en opnemen,Available,True,2023-12-12 15:27:52
7001008,04,813025,Geld storten en opnemen,Available,True,2023-12-12 15:27:52
7001008,05,813028,Geld storten en opnemen,Available,True,2023-12-12 15:27:52
7002002,01,911173,Geldautomaat,Available,False,2023-12-12 15:27:53
7006002,01,913124,Geldautomaat,Available,False,2023-12-12 15:27:53
7008001,01,911875,Geldautomaat,Available,False,2023-12-12 15:27:53
7009001,01,920333,Geldautomaat,Available,False,2023-12-12 15:27:54
7009002,01,920116,Geldautomaat,Available,False,2023-12-12 15:27:54
7011001,01,914640,Geldautomaat,Available,False,2023-12-12 15:27:55
7021001,01,914120,Geldautomaat,Available,False,2023-12-12 15:27:55
7021002,01,810071,Geld storten en opnemen,Available,True,2023-12-12 15:27:56
7031001,01,610213,Sealbag-automaat,Available,False,2023-12-12 15:27:56
7031001,02,920328,Geldautomaat,Available,False,2023-12-12 15:27:56
7037001,01,911112,Geldautomaat,Available,False,2023-12-12 15:27:56
7041002,01,811173,Geld storten en opnemen,Available,True,2023-12-12 15:27:57
7051001,01,810262,Geld storten en opnemen,Available,True,2023-12-12 15:27:57
7051002,01,610208,Sealbag-automaat,Available,False,2023-12-12 15:27:58
7051002,02,911834,Geldautomaat,Available,False,2023-12-12 15:27:58
7061002,01,920334,Geldautomaat,Available,False,2023-12-12 15:27:58
7061002,02,610196,Sealbag-automaat,Available,False,2023-12-12 15:27:58
7064001,01,911135,Geldautomaat,Available,False,2023-12-12 15:27:59
7071001,01,911825,Geldautomaat,Available,False,2023-12-12 15:27:59
7071004,01,811371,Geld storten en opnemen,Available,True,2023-12-12 15:28:00
7081001,01,813048,Geld storten en opnemen,Available,True,2023-12-12 15:28:00
7091005,01,812514,Geld storten en opnemen,Available,True,2023-12-12 15:28:00
7101001,01,912514,Geldautomaat,Available,False,2023-12-12 15:28:01
7101003,01,811723,Geld storten en opnemen,Available,True,2023-12-12 15:28:01
7101005,01,811945,Geld storten en opnemen,Available,True,2023-12-12 15:28:02
7101005,02,611121,Sealbag-automaat,Available,False,2023-12-12 15:28:02
7121001,01,810115,Geld storten en opnemen,Available,True,2023-12-12 15:28:02
7121002,01,610049,Sealbag-automaat,Available,False,2023-12-12 15:28:03
7121003,01,811886,Geld storten en opnemen,Available,True,2023-12-12 15:28:03
7122001,01,911509,Geldautomaat,Available,False,2023-12-12 15:28:04
7131002,01,912697,Geldautomaat,Available,False,2023-12-12 15:28:04
7131003,01,811140,Geld storten en opnemen,Available,True,2023-12-12 15:28:05
7131005,01,811893,Geld storten en opnemen,Available,True,2023-12-12 15:28:05
7131005,02,610903,Sealbag-automaat,Available,False,2023-12-12 15:28:05
7136001,01,920117,Geldautomaat,Available,False,2023-12-12 15:28:06
7141001,01,911657,Geldautomaat,Available,False,2023-12-12 15:28:06
7141002,01,810174,Geld storten en opnemen,Available,True,2023-12-12 15:28:06
7151001,01,810160,Geld storten en opnemen,Available,True,2023-12-12 15:28:07
7151002,01,911628,Geldautomaat,Available,False,2023-12-12 15:28:07
7151003,01,920348,Geldautomaat,Available,False,2023-12-12 15:28:08
7151003,02,610101,Sealbag-automaat,Available,False,2023-12-12 15:28:08
7156001,01,911113,Geldautomaat,Available,False,2023-12-12 15:28:08
7161002,01,911718,Geldautomaat,Available,False,2023-12-12 15:28:09
7161003,01,610144,Sealbag-automaat,Available,False,2023-12-12 15:28:09
7161003,02,920349,Geldautomaat,Available,False,2023-12-12 15:28:09
7201001,01,912540,Geldautomaat,Available,False,2023-12-12 15:28:10
7201003,01,611410,Sealbag-automaat,Available,False,2023-12-12 15:28:10
7201005,01,810671,Geld storten en opnemen,Available,True,2023-12-12 15:28:11
7201006,01,812059,Geld storten en opnemen,Available,True,2023-12-12 15:28:11
7201009,01,813003,Geld storten en opnemen,Available,True,2023-12-12 15:28:12
7206001,01,911141,Geldautomaat,Available,False,2023-12-12 15:28:12
7206002,01,911142,Geldautomaat,Unavailable,False,2023-12-12 15:28:12
7207001,01,812890,Geld storten en opnemen,Available,True,2023-12-12 15:28:13
7213002,01,911656,Geldautomaat,Available,False,2023-12-12 15:28:13
7213003,01,811124,Geld storten en opnemen,Available,True,2023-12-12 15:28:14
7218001,01,812080,Geld storten en opnemen,Available,True,2023-12-12 15:28:14
7221001,01,912900,Geldautomaat,Available,False,2023-12-12 15:28:15
7232001,01,911048,Geldautomaat,Available,False,2023-12-12 15:28:15
7232002,01,911049,Geldautomaat,Available,False,2023-12-12 15:28:16
7241001,01,912385,Geldautomaat,Available,False,2023-12-12 15:28:16
7241003,01,811341,Geld storten en opnemen,Available,True,2023-12-12 15:28:17
7242001,01,912969,Geldautomaat,Available,False,2023-12-12 15:28:17
7242001,02,811141,Geld storten en opnemen,Available,True,2023-12-12 15:28:17
7242001,03,610636,Sealbag-automaat,Available,False,2023-12-12 15:28:17
7245001,01,920403,Geldautomaat,Available,False,2023-12-12 15:28:18
7251001,01,810267,Geld storten en opnemen,Available,True,2023-12-12 15:28:18
7251001,02,610218,Sealbag-automaat,Available,False,2023-12-12 15:28:18
7251002,01,911846,Geldautomaat,Available,False,2023-12-12 15:28:18
7251003,01,811039,Geld storten en opnemen,Available,True,2023-12-12 15:28:19
7255001,01,911105,Geldautomaat,Available,False,2023-12-12 15:28:19
7255002,01,911106,Geldautomaat,Available,False,2023-12-12 15:28:20
7261001,01,911044,Geldautomaat,Available,False,2023-12-12 15:28:20
7271001,01,911590,Geldautomaat,Available,False,2023-12-12 15:28:21
7271002,01,911591,Geldautomaat,Available,False,2023-12-12 15:28:21
7271005,01,812561,Geld storten en opnemen,Available,True,2023-12-12 15:28:22
7311001,01,912198,Geldautomaat,Available,False,2023-12-12 15:28:22
7311002,01,914170,Geldautomaat,Available,False,2023-12-12 15:28:22
7311002,02,611359,Sealbag-automaat,Available,False,2023-12-12 15:28:22
7311005,01,811484,Geld storten en opnemen,Available,True,2023-12-12 15:28:23
7311006,01,810435,Geld storten en opnemen,Available,True,2023-12-12 15:28:23
7311007,01,611387,Sealbag-automaat,Available,False,2023-12-12 15:28:24
7311007,02,812471,Geld storten en opnemen,Available,True,2023-12-12 15:28:24
7311007,03,812472,Geld storten en opnemen,Available,True,2023-12-12 15:28:24
7312001,01,911077,Geldautomaat,Available,False,2023-12-12 15:28:24
7312002,01,911083,Geldautomaat,Available,False,2023-12-12 15:28:25
7314001,01,810049,Geld storten en opnemen,Available,True,2023-12-12 15:28:25
7315001,01,812864,Geld storten en opnemen,Available,True,2023-12-12 15:28:26
7316001,01,911068,Geldautomaat,Unavailable,False,2023-12-12 15:28:26
7316002,01,812975,Geld storten en opnemen,Unavailable,True,2023-12-12 15:28:26
7322001,01,811233,Geld storten en opnemen,Available,True,2023-12-12 15:28:27
7323002,01,911497,Geldautomaat,Available,False,2023-12-12 15:28:27
7323005,01,811399,Geld storten en opnemen,Available,True,2023-12-12 15:28:28
7325001,01,911062,Geldautomaat,Available,False,2023-12-12 15:28:28
7325002,01,911063,Geldautomaat,Available,False,2023-12-12 15:28:29
7329001,01,912558,Geldautomaat,Available,False,2023-12-12 15:28:29
7329004,01,811438,Geld storten en opnemen,Unavailable,False,2023-12-12 15:28:30
7331001,01,920239,Geldautomaat,Available,False,2023-12-12 15:28:30
7331002,01,911061,Geldautomaat,Available,False,2023-12-12 15:28:30
7331003,01,812660,Geld storten en opnemen,Available,True,2023-12-12 15:28:31
7333001,01,812168,Geld storten en opnemen,Available,True,2023-12-12 15:28:31
7339001,01,911046,Geldautomaat,Available,False,2023-12-12 15:28:32
7339002,01,812630,Geld storten en opnemen,Unavailable,False,2023-12-12 15:28:32
7351001,01,920131,Geldautomaat,Available,False,2023-12-12 15:28:33
7361001,01,911031,Geldautomaat,Available,False,2023-12-12 15:28:33
7361002,01,920515,Geldautomaat,Available,False,2023-12-12 15:28:33
7371001,01,920005,Geldautomaat,Available,False,2023-12-12 15:28:34
7382001,01,920006,Geldautomaat,Available,False,2023-12-12 15:28:34
7391002,01,912461,Geldautomaat,Available,False,2023-12-12 15:28:35
7391005,01,811579,Geld storten en opnemen,Available,True,2023-12-12 15:28:35
7391006,01,812721,Geld storten en opnemen,Available,True,2023-12-12 15:28:36
7396001,01,913651,Geldautomaat,Available,False,2023-12-12 15:28:36
7396001,02,611362,Sealbag-automaat,Available,False,2023-12-12 15:28:36
7411001,01,912248,Geldautomaat,Available,False,2023-12-12 15:28:37
7411006,01,811504,Geld storten en opnemen,Available,True,2023-12-12 15:28:37
7411007,01,810471,Geld storten en opnemen,Available,True,2023-12-12 15:28:37
7411011,01,611402,Sealbag-automaat,Available,False,2023-12-12 15:28:38
7411011,02,920225,Geldautomaat,Available,False,2023-12-12 15:28:38
7411011,03,920228,Geldautomaat,Available,False,2023-12-12 15:28:38
7411012,01,812644,Geld storten en opnemen,Available,True,2023-12-12 15:28:38
7411012,02,812708,Geld storten en opnemen,Unavailable,False,2023-12-12 15:28:38
7411012,03,812643,Geld storten en opnemen,Available,True,2023-12-12 15:28:38
7411012,04,812645,Geld storten en opnemen,Available,True,2023-12-12 15:28:38
7411012,05,812646,Geld storten en opnemen,Available,True,2023-12-12 15:28:38
7412001,01,911051,Geldautomaat,Available,False,2023-12-12 15:28:39
7412002,01,920511,Geldautomaat,Available,False,2023-12-12 15:28:39
7415001,01,913952,Geldautomaat,Available,False,2023-12-12 15:28:40
7415002,01,911951,Geldautomaat,Available,False,2023-12-12 15:28:40
7415003,01,911952,Geldautomaat,Available,False,2023-12-12 15:28:40
7415005,01,812787,Geld storten en opnemen,Available,True,2023-12-12 15:28:41
7416001,01,920028,Geldautomaat,Available,False,2023-12-12 15:28:41
7422001,01,810294,Geld storten en opnemen,Available,True,2023-12-12 15:28:42
7422002,01,911905,Geldautomaat,Available,False,2023-12-12 15:28:42
7422003,01,811242,Geld storten en opnemen,Available,True,2023-12-12 15:28:43
7425001,01,910968,Geldautomaat,Available,False,2023-12-12 15:28:43
7425002,01,910969,Geldautomaat,Available,False,2023-12-12 15:28:44
7431001,01,910972,Geldautomaat,Available,False,2023-12-12 15:28:44
7433002,01,913101,Geldautomaat,Available,False,2023-12-12 15:28:44
7434001,01,920516,Geldautomaat,Available,False,2023-12-12 15:28:45
7437002,01,920031,Geldautomaat,Available,False,2023-12-12 15:28:45
7442001,01,912125,Geldautomaat,Available,False,2023-12-12 15:28:46
7442002,01,920341,Geldautomaat,Available,False,2023-12-12 15:28:46
7442002,02,811157,Geld storten en opnemen,Available,False,2023-12-12 15:28:46
7442002,03,610637,Sealbag-automaat,Available,False,2023-12-12 15:28:46
7443001,01,920436,Geldautomaat,Available,False,2023-12-12 15:28:47
7447001,01,910943,Geldautomaat,Available,False,2023-12-12 15:28:48
7447002,01,920400,Geldautomaat,Available,False,2023-12-12 15:28:48
7448001,01,910980,Geldautomaat,Available,False,2023-12-12 15:28:48
7451002,01,914718,Geldautomaat,Available,False,2023-12-12 15:28:49
7451002,02,812393,Geld storten en opnemen,Available,True,2023-12-12 15:28:49
7451004,01,911389,Geldautomaat,Available,False,2023-12-12 15:28:49
7461001,01,911760,Geldautomaat,Available,False,2023-12-12 15:28:50
7462001,01,920448,Geldautomaat,Available,False,2023-12-12 15:28:50
7462004,01,811565,Geld storten en opnemen,Available,True,2023-12-12 15:28:51
7462005,01,810228,Geld storten en opnemen,Available,True,2023-12-12 15:28:51
7462006,01,813053,Geld storten en opnemen,Available,True,2023-12-12 15:28:52
7462006,02,611483,Sealbag-automaat,Available,False,2023-12-12 15:28:52
7468001,01,912282,Geldautomaat,Available,False,2023-12-12 15:28:52
7468003,01,810486,Geld storten en opnemen,Available,True,2023-12-12 15:28:52
7471001,01,810171,Geld storten en opnemen,Available,True,2023-12-12 15:28:53
7471001,02,610113,Sealbag-automaat,Available,False,2023-12-12 15:28:53
7471002,01,911654,Geldautomaat,Available,False,2023-12-12 15:28:53
7471003,01,811123,Geld storten en opnemen,Available,True,2023-12-12 15:28:54
7475001,01,610140,Sealbag-automaat,Available,False,2023-12-12 15:28:54
7475001,02,911708,Geldautomaat,Available,False,2023-12-12 15:28:54
7478001,01,910940,Geldautomaat,Available,False,2023-12-12 15:28:55
7481001,01,912301,Geldautomaat,Available,False,2023-12-12 15:28:55
7481002,01,920060,Geldautomaat,Available,False,2023-12-12 15:28:55
7481003,01,911004,Geldautomaat,Available,False,2023-12-12 15:28:56
7481007,01,810502,Geld storten en opnemen,Available,True,2023-12-12 15:28:56
7481009,01,811413,Geld storten en opnemen,Available,True,2023-12-12 15:28:57
7491001,01,912089,Geldautomaat,Available,False,2023-12-12 15:28:57
7491002,01,610316,Sealbag-automaat,Available,False,2023-12-12 15:28:58
7491002,02,913267,Geldautomaat,Available,False,2023-12-12 15:28:58
7491002,03,810369,Geld storten en opnemen,Unavailable,False,2023-12-12 15:28:58
7491005,01,812694,Geld storten en opnemen,Available,True,2023-12-12 15:28:58
7496001,01,920309,Geldautomaat,Available,False,2023-12-12 15:28:59
7497001,01,920050,Geldautomaat,Available,False,2023-12-12 15:28:59
7511002,01,913923,Geldautomaat,Available,False,2023-12-12 15:28:59
7511003,01,911633,Geldautomaat,Available,False,2023-12-12 15:29:00
7511004,01,911634,Geldautomaat,Available,False,2023-12-12 15:29:00
7511005,01,812984,Geld storten en opnemen,Available,False,2023-12-12 15:29:01
7511006,01,920059,Geldautomaat,Available,False,2023-12-12 15:29:01
7511011,01,610102,Sealbag-automaat,Unavailable,False,2023-12-12 15:29:02
7511011,02,811829,Geld storten en opnemen,Available,True,2023-12-12 15:29:02
7511011,03,810161,Geld storten en opnemen,Available,False,2023-12-12 15:29:02
7511011,04,913838,Geldautomaat,Available,False,2023-12-12 15:29:02
7511016,01,810162,Geld storten en opnemen,Available,True,2023-12-12 15:29:02
7513002,01,920091,Geldautomaat,Available,False,2023-12-12 15:29:03
7514001,01,610238,Sealbag-automaat,Available,False,2023-12-12 15:29:03
7514001,02,911898,Geldautomaat,Available,False,2023-12-12 15:29:03
7521002,01,911370,Geldautomaat,Available,False,2023-12-12 15:29:03
7521004,01,810163,Geld storten en opnemen,Available,True,2023-12-12 15:29:04
7522002,01,910043,Geldautomaat,Available,False,2023-12-12 15:29:04
7523001,01,911355,Geldautomaat,Available,False,2023-12-12 15:29:05
7523002,01,911356,Geldautomaat,Available,False,2023-12-12 15:29:05
7523003,01,910140,Geldautomaat,Available,False,2023-12-12 15:29:06
7523004,01,811280,Geld storten en opnemen,Available,True,2023-12-12 15:29:06
7523005,01,912792,Geldautomaat,Available,False,2023-12-12 15:29:07
7524003,01,920051,Geldautomaat,Available,False,2023-12-12 15:29:07
7533001,01,911366,Geldautomaat,Available,False,2023-12-12 15:29:07
7533006,01,812410,Geld storten en opnemen,Unavailable,True,2023-12-12 15:29:08
7534001,01,812334,Geld storten en opnemen,Available,True,2023-12-12 15:29:08
7534002,01,911909,Geldautomaat,Available,False,2023-12-12 15:29:09
7534003,01,811664,Geld storten en opnemen,Available,True,2023-12-12 15:29:09
7542001,01,910145,Geldautomaat,Unavailable,False,2023-12-12 15:29:10
7542003,01,812589,Geld storten en opnemen,Available,True,2023-12-12 15:29:10
7543001,01,910141,Geldautomaat,Available,False,2023-12-12 15:29:11
7543001,02,910142,Geldautomaat,Available,False,2023-12-12 15:29:11
7544001,01,810128,Geld storten en opnemen,Available,True,2023-12-12 15:29:11
7544001,02,810127,Geld storten en opnemen,Available,False,2023-12-12 15:29:11
7544004,01,914829,Geldautomaat,Available,False,2023-12-12 15:29:11
7545002,01,911284,Geldautomaat,Available,False,2023-12-12 15:29:12
7545003,01,811676,Geld storten en opnemen,Available,False,2023-12-12 15:29:12
7545003,02,914794,Geldautomaat,Available,False,2023-12-12 15:29:12
7546001,01,910153,Geldautomaat,Available,False,2023-12-12 15:29:13
7548001,01,910157,Geldautomaat,Available,False,2023-12-12 15:29:13
7551001,01,912327,Geldautomaat,Available,False,2023-12-12 15:29:14
7551002,01,611499,Sealbag-automaat,Available,False,2023-12-12 15:29:14
7551002,02,930062,Geldautomaat,Available,False,2023-12-12 15:29:14
7551006,01,811531,Geld storten en opnemen,Available,True,2023-12-12 15:29:15
7552001,01,912758,Geldautomaat,Available,False,2023-12-12 15:29:15
7552002,01,811246,Geld storten en opnemen,Available,True,2023-12-12 15:29:15
7553001,01,911104,Geldautomaat,Available,False,2023-12-12 15:29:16
7553002,01,910087,Geldautomaat,Available,False,2023-12-12 15:29:16
7554001,01,920307,Geldautomaat,Available,False,2023-12-12 15:29:17
7556001,01,910075,Geldautomaat,Unavailable,False,2023-12-12 15:29:17
7557001,01,914654,Geldautomaat,Available,False,2023-12-12 15:29:18
7558001,01,810301,Geld storten en opnemen,Unavailable,False,2023-12-12 15:29:18
7558002,01,911919,Geldautomaat,Available,False,2023-12-12 15:29:18
7558003,01,911920,Geldautomaat,Available,False,2023-12-12 15:29:19
7558005,01,812275,Geld storten en opnemen,Available,True,2023-12-12 15:29:19
7559001,01,914154,Geldautomaat,Available,False,2023-12-12 15:29:20
7559002,01,812700,Geld storten en opnemen,Available,True,2023-12-12 15:29:20
7561001,01,920146,Geldautomaat,Available,False,2023-12-12 15:29:21
7571001,01,912410,Geldautomaat,Available,False,2023-12-12 15:29:21
7571004,01,811350,Geld storten en opnemen,Available,True,2023-12-12 15:29:21
7571005,01,914817,Geldautomaat,Available,False,2023-12-12 15:29:22
7571005,02,611419,Sealbag-automaat,Available,False,2023-12-12 15:29:22
7571005,03,914816,Geldautomaat,Available,False,2023-12-12 15:29:22
7571006,01,811894,Geld storten en opnemen,Available,True,2023-12-12 15:29:22
7572001,01,920092,Geldautomaat,Available,False,2023-12-12 15:29:23
7574001,01,911189,Geldautomaat,Available,False,2023-12-12 15:29:23
7576001,01,911262,Geldautomaat,Available,False,2023-12-12 15:29:24
7576002,01,911263,Geldautomaat,Available,False,2023-12-12 15:29:25
7581001,01,912386,Geldautomaat,Available,False,2023-12-12 15:29:25
7581003,01,811342,Geld storten en opnemen,Available,True,2023-12-12 15:29:25
7581005,01,610443,Sealbag-automaat,Available,False,2023-12-12 15:29:26
7581005,02,912395,Geldautomaat,Available,False,2023-12-12 15:29:26
7581007,01,812715,Geld storten en opnemen,Available,True,2023-12-12 15:29:26
7586001,01,910084,Geldautomaat,Available,False,2023-12-12 15:29:27
7587001,01,910095,Geldautomaat,Available,False,2023-12-12 15:29:27
7591001,01,810772,Geld storten en opnemen,Available,True,2023-12-12 15:29:28
7591001,02,610583,Sealbag-automaat,Available,False,2023-12-12 15:29:28
7591001,03,912692,Geldautomaat,Available,False,2023-12-12 15:29:28
7591002,01,811100,Geld storten en opnemen,Available,True,2023-12-12 15:29:28
7595001,01,610212,Sealbag-automaat,Available,False,2023-12-12 15:29:29
7595001,02,911851,Geldautomaat,Available,False,2023-12-12 15:29:29
7596001,01,910102,Geldautomaat,Available,False,2023-12-12 15:29:29
7597001,01,920399,Geldautomaat,Available,False,2023-12-12 15:29:29
7602001,01,910206,Geldautomaat,Unavailable,False,2023-12-12 15:29:30
7603002,01,910200,Geldautomaat,Available,False,2023-12-12 15:29:30
7603003,01,913665,Geldautomaat,Available,False,2023-12-12 15:29:31
7604001,01,910209,Geldautomaat,Available,False,2023-12-12 15:29:31
7605001,01,911279,Geldautomaat,Available,False,2023-12-12 15:29:32
7606001,01,913911,Geldautomaat,Available,False,2023-12-12 15:29:32
7606002,01,914159,Geldautomaat,Available,False,2023-12-12 15:29:33
7606003,01,910214,Geldautomaat,Available,False,2023-12-12 15:29:33
7607001,01,914630,Geldautomaat,Available,False,2023-12-12 15:29:34
7607006,01,812079,Geld storten en opnemen,Available,True,2023-12-12 15:29:34
7607007,01,810424,Geld storten en opnemen,Available,True,2023-12-12 15:29:34
7607008,01,611168,Sealbag-automaat,Available,False,2023-12-12 15:29:35
7607008,02,914334,Geldautomaat,Available,False,2023-12-12 15:29:35
7607008,03,811479,Geld storten en opnemen,Available,True,2023-12-12 15:29:35
7607009,01,812030,Geld storten en opnemen,Available,True,2023-12-12 15:29:35
7608001,01,911534,Geldautomaat,Available,False,2023-12-12 15:29:36
7608002,01,911535,Geldautomaat,Available,False,2023-12-12 15:29:36
7608002,02,810122,Geld storten en opnemen,Available,True,2023-12-12 15:29:36
7609001,01,911261,Geldautomaat,Available,False,2023-12-12 15:29:37
7622001,01,810357,Geld storten en opnemen,Available,True,2023-12-12 15:29:37
7622001,02,610322,Sealbag-automaat,Available,False,2023-12-12 15:29:37
7622002,01,912083,Geldautomaat,Available,False,2023-12-12 15:29:38
7622003,01,912092,Geldautomaat,Available,False,2023-12-12 15:29:38
7627001,01,920262,Geldautomaat,Available,False,2023-12-12 15:29:38
7631001,01,911988,Geldautomaat,Available,False,2023-12-12 15:29:39
7631002,01,610281,Sealbag-automaat,Available,False,2023-12-12 15:29:39
7631002,02,911989,Geldautomaat,Available,False,2023-12-12 15:29:39
7634001,01,920274,Geldautomaat,Available,False,2023-12-12 15:29:40
7635001,01,910283,Geldautomaat,Available,False,2023-12-12 15:29:40
7641001,01,911857,Geldautomaat,Available,False,2023-12-12 15:29:41
7641001,02,610222,Sealbag-automaat,Available,False,2023-12-12 15:29:41
7641002,01,811431,Geld storten en opnemen,Available,True,2023-12-12 15:29:41
7641003,01,914860,Geldautomaat,Available,False,2023-12-12 15:29:42
7651001,01,610627,Sealbag-automaat,Available,False,2023-12-12 15:29:42
7651001,02,811190,Geld storten en opnemen,Available,True,2023-12-12 15:29:42
7651001,03,912889,Geldautomaat,Available,False,2023-12-12 15:29:42
7651002,01,812709,Geld storten en opnemen,Available,True,2023-12-12 15:29:42
7661001,01,910285,Geldautomaat,Available,False,2023-12-12 15:29:43
7665001,01,910294,Geldautomaat,Available,False,2023-12-12 15:29:43
7667001,01,910291,Geldautomaat,Available,False,2023-12-12 15:29:44
7671001,01,811206,Geld storten en opnemen,Available,True,2023-12-12 15:29:44
7671002,01,912723,Geldautomaat,Available,False,2023-12-12 15:29:45
7671002,02,610600,Sealbag-automaat,Available,False,2023-12-12 15:29:45
7672001,01,810829,Geld storten en opnemen,Available,False,2023-12-12 15:29:45
7676001,01,910318,Geldautomaat,Available,False,2023-12-12 15:29:46
7678001,01,911643,Geldautomaat,Available,False,2023-12-12 15:29:46
7678001,02,610107,Sealbag-automaat,Available,False,2023-12-12 15:29:46
7679001,01,920265,Geldautomaat,Available,False,2023-12-12 15:29:46
7681001,01,810268,Geld storten en opnemen,Available,True,2023-12-12 15:29:47
7681001,02,610219,Sealbag-automaat,Available,False,2023-12-12 15:29:47
7681005,01,812622,Geld storten en opnemen,Available,True,2023-12-12 15:29:47
7683002,01,920458,Geldautomaat,Available,False,2023-12-12 15:29:48
7691001,01,910375,Geldautomaat,Available,False,2023-12-12 15:29:48
7693001,01,812284,Geld storten en opnemen,Available,True,2023-12-12 15:29:49
7701001,01,610779,Sealbag-automaat,Available,False,2023-12-12 15:29:49
7701001,02,810058,Geld storten en opnemen,Available,True,2023-12-12 15:29:49
7701002,01,911411,Geldautomaat,Available,False,2023-12-12 15:29:50
7701005,01,812563,Geld storten en opnemen,Available,True,2023-12-12 15:29:50
7707001,01,920270,Geldautomaat,Available,False,2023-12-12 15:29:50
7711001,01,911985,Geldautomaat,Available,False,2023-12-12 15:29:51
7711002,01,610278,Sealbag-automaat,Available,False,2023-12-12 15:29:51
7711002,02,810332,Geld storten en opnemen,Available,False,2023-12-12 15:29:51
7721001,01,811098,Geld storten en opnemen,Available,True,2023-12-12 15:29:52
7721002,01,912676,Geldautomaat,Available,False,2023-12-12 15:29:52
7721004,01,920384,Geldautomaat,Available,False,2023-12-12 15:29:53
7721004,02,611363,Sealbag-automaat,Available,False,2023-12-12 15:29:53
7721005,01,812651,Geld storten en opnemen,Available,True,2023-12-12 15:29:53
7731001,01,610967,Sealbag-automaat,Available,False,2023-12-12 15:29:54
7731001,02,810561,Geld storten en opnemen,Available,True,2023-12-12 15:29:54
7731002,01,910410,Geldautomaat,Available,False,2023-12-12 15:29:54
7731003,01,811351,Geld storten en opnemen,Available,True,2023-12-12 15:29:54
7731005,01,812104,Geld storten en opnemen,Available,True,2023-12-12 15:29:55
7741001,01,912226,Geldautomaat,Available,False,2023-12-12 15:29:55
7741003,01,610787,Sealbag-automaat,Available,False,2023-12-12 15:29:56
7741004,01,811096,Geld storten en opnemen,Available,True,2023-12-12 15:29:56
7741006,01,812244,Geld storten en opnemen,Available,True,2023-12-12 15:29:57
7751001,01,910408,Geldautomaat,Available,False,2023-12-12 15:29:57
7761002,01,812110,Geld storten en opnemen,Available,True,2023-12-12 15:29:57
7765001,01,910376,Geldautomaat,Available,False,2023-12-12 15:29:58
7771001,01,610251,Sealbag-automaat,Available,False,2023-12-12 15:29:58
7771001,02,920467,Geldautomaat,Available,False,2023-12-12 15:29:58
7772001,01,911675,Geldautomaat,Available,False,2023-12-12 15:29:59
7772006,01,811520,Geld storten en opnemen,Available,True,2023-12-12 15:29:59
7776001,01,920271,Geldautomaat,Unavailable,False,2023-12-12 15:30:00
7776002,01,913479,Geldautomaat,Available,False,2023-12-12 15:30:00
7783001,01,910413,Geldautomaat,Available,False,2023-12-12 15:30:01
7811001,01,912279,Geldautomaat,Available,False,2023-12-12 15:30:01
7811002,01,810485,Geld storten en opnemen,Available,True,2023-12-12 15:30:01
7811002,02,610390,Sealbag-automaat,Available,False,2023-12-12 15:30:01
7811002,03,912280,Geldautomaat,Available,False,2023-12-12 15:30:01
7811005,01,811512,Geld storten en opnemen,Available,True,2023-12-12 15:30:02
7811006,01,810483,Geld storten en opnemen,Available,True,2023-12-12 15:30:02
7812001,01,910057,Geldautomaat,Available,False,2023-12-12 15:30:03
7815001,01,910480,Geldautomaat,Available,False,2023-12-12 15:30:03
7823001,01,920375,Geldautomaat,Available,False,2023-12-12 15:30:04
7824002,01,920067,Geldautomaat,Available,False,2023-12-12 15:30:04
7824003,01,811631,Geld storten en opnemen,Available,True,2023-12-12 15:30:05
7826001,01,920395,Geldautomaat,Available,False,2023-12-12 15:30:05
7827001,01,811440,Geld storten en opnemen,Available,True,2023-12-12 15:30:05
7831001,01,920396,Geldautomaat,Unavailable,False,2023-12-12 15:30:06
7833001,01,911719,Geldautomaat,Available,False,2023-12-12 15:30:06
7833002,01,911720,Geldautomaat,Available,False,2023-12-12 15:30:07
7841001,01,912434,Geldautomaat,Available,False,2023-12-12 15:30:07
7841002,01,812461,Geld storten en opnemen,Available,False,2023-12-12 15:30:08
7841002,02,611069,Sealbag-automaat,Available,False,2023-12-12 15:30:08
7848001,01,920300,Geldautomaat,Available,False,2023-12-12 15:30:08
7854001,01,920155,Geldautomaat,Available,False,2023-12-12 15:30:08
7861001,01,920066,Geldautomaat,Available,False,2023-12-12 15:30:09
7873001,01,910504,Geldautomaat,Available,False,2023-12-12 15:30:09
7875001,01,920152,Geldautomaat,Unavailable,False,2023-12-12 15:30:10
7876001,01,910570,Geldautomaat,Available,False,2023-12-12 15:30:10
7881001,01,920353,Geldautomaat,Available,False,2023-12-12 15:30:11
7885002,01,813102,Geld storten en opnemen,Available,True,2023-12-12 15:30:11
7887001,01,910572,Geldautomaat,Available,False,2023-12-12 15:30:12
7891001,01,914083,Geldautomaat,Available,False,2023-12-12 15:30:12
7891001,02,610591,Sealbag-automaat,Available,False,2023-12-12 15:30:12
7891002,01,811138,Geld storten en opnemen,Available,True,2023-12-12 15:30:12
7891004,01,812098,Geld storten en opnemen,Available,True,2023-12-12 15:30:13
7894001,01,910575,Geldautomaat,Available,False,2023-12-12 15:30:13
7901001,01,911315,Geldautomaat,Available,False,2023-12-12 15:30:14
7901002,01,812011,Geld storten en opnemen,Available,True,2023-12-12 15:30:14
7902005,01,812459,Geld storten en opnemen,Available,True,2023-12-12 15:30:15
7905001,01,913865,Geldautomaat,Available,False,2023-12-12 15:30:15
7906001,01,911311,Geldautomaat,Available,False,2023-12-12 15:30:15
7907002,01,611494,Sealbag-automaat,Unavailable,False,2023-12-12 15:30:16
7907002,02,813087,Geld storten en opnemen,Available,True,2023-12-12 15:30:16
7908001,01,910405,Geldautomaat,Available,False,2023-12-12 15:30:17
7908002,01,920301,Geldautomaat,Available,False,2023-12-12 15:30:17
7913001,01,920376,Geldautomaat,Available,False,2023-12-12 15:30:18
7913001,02,610127,Sealbag-automaat,Available,False,2023-12-12 15:30:18
7914001,01,920190,Geldautomaat,Available,False,2023-12-12 15:30:18
7916001,01,911294,Geldautomaat,Available,False,2023-12-12 15:30:19
7918001,01,920377,Geldautomaat,Available,False,2023-12-12 15:30:19
7921001,01,811219,Geld storten en opnemen,Available,True,2023-12-12 15:30:19
7921002,01,912732,Geldautomaat,Available,False,2023-12-12 15:30:20
7933001,01,812252,Geld storten en opnemen,Available,True,2023-12-12 15:30:20
7941001,01,912388,Geldautomaat,Available,False,2023-12-12 15:30:21
7941004,01,811551,Geld storten en opnemen,Available,True,2023-12-12 15:30:21
7941007,01,812042,Geld storten en opnemen,Available,True,2023-12-12 15:30:22
7941008,01,812396,Geld storten en opnemen,Available,False,2023-12-12 15:30:22
7941008,02,611413,Sealbag-automaat,Available,False,2023-12-12 15:30:22
7944001,01,930057,Geldautomaat,Available,False,2023-12-12 15:30:23
7951001,01,811184,Geld storten en opnemen,Available,True,2023-12-12 15:30:23
7951003,01,611079,Sealbag-automaat,Available,False,2023-12-12 15:30:23
7951003,02,914039,Geldautomaat,Available,False,2023-12-12 15:30:23
7954001,01,920110,Geldautomaat,Available,False,2023-12-12 15:30:24
7957001,01,810050,Geld storten en opnemen,Available,True,2023-12-12 15:30:24
7958001,01,920124,Geldautomaat,Available,False,2023-12-12 15:30:25
7961001,01,911293,Geldautomaat,Available,False,2023-12-12 15:30:25
7963001,01,920257,Geldautomaat,Available,False,2023-12-12 15:30:26
7963001,02,610171,Sealbag-automaat,Available,False,2023-12-12 15:30:26
7971001,01,911296,Geldautomaat,Available,False,2023-12-12 15:30:26
7971003,01,810059,Geld storten en opnemen,Available,True,2023-12-12 15:30:26
7991001,01,811110,Geld storten en opnemen,Available,True,2023-12-12 15:30:27
7991002,01,912681,Geldautomaat,Available,False,2023-12-12 15:30:27
8011001,01,811851,Geld storten en opnemen,Available,True,2023-12-12 15:30:28
8011002,01,913862,Geldautomaat,Available,False,2023-12-12 15:30:28
8011003,01,813105,Geld storten en opnemen,Available,True,2023-12-12 15:30:29
8011003,02,912548,Geldautomaat,Available,False,2023-12-12 15:30:29
8011003,03,912549,Geldautomaat,Available,False,2023-12-12 15:30:29
8011004,01,610306,Sealbag-automaat,Available,False,2023-12-12 15:30:29
8011004,02,914155,Geldautomaat,Unavailable,False,2023-12-12 15:30:29
8011004,03,811957,Geld storten en opnemen,Available,True,2023-12-12 15:30:29
8011005,01,914610,Geldautomaat,Available,False,2023-12-12 15:30:29
8011005,02,914611,Geldautomaat,Available,False,2023-12-12 15:30:29
8011009,01,914787,Geldautomaat,Available,False,2023-12-12 15:30:30
8014002,01,911518,Geldautomaat,Available,False,2023-12-12 15:30:30
8014003,01,912999,Geldautomaat,Available,False,2023-12-12 15:30:31
8014003,02,610639,Sealbag-automaat,Available,False,2023-12-12 15:30:31
8014004,01,811392,Geld storten en opnemen,Available,True,2023-12-12 15:30:31
8014006,01,812676,Geld storten en opnemen,Available,True,2023-12-12 15:30:32
8017001,01,812619,Geld storten en opnemen,Available,True,2023-12-12 15:30:32
8021001,01,911313,Geldautomaat,Available,False,2023-12-12 15:30:32
8022001,01,920282,Geldautomaat,Available,False,2023-12-12 15:30:33
8024001,01,920036,Geldautomaat,Available,False,2023-12-12 15:30:33
8025001,01,920033,Geldautomaat,Available,False,2023-12-12 15:30:34
8031001,01,913951,Geldautomaat,Unavailable,False,2023-12-12 15:30:34
8031002,01,911320,Geldautomaat,Available,False,2023-12-12 15:30:35
8031003,01,911321,Geldautomaat,Available,False,2023-12-12 15:30:35
8032001,01,911469,Geldautomaat,Available,False,2023-12-12 15:30:35
8032002,01,911470,Geldautomaat,Available,False,2023-12-12 15:30:36
8032003,01,811885,Geld storten en opnemen,Available,False,2023-12-12 15:30:36
8032003,02,811884,Geld storten en opnemen,Available,True,2023-12-12 15:30:36
8032005,01,812681,Geld storten en opnemen,Available,True,2023-12-12 15:30:37
8042001,01,911328,Geldautomaat,Available,False,2023-12-12 15:30:37
8043001,01,810338,Geld storten en opnemen,Available,False,2023-12-12 15:30:38
8043002,01,912035,Geldautomaat,Available,False,2023-12-12 15:30:38
8043003,01,811626,Geld storten en opnemen,Available,True,2023-12-12 15:30:38
8051001,01,811128,Geld storten en opnemen,Available,True,2023-12-12 15:30:39
8051002,01,610580,Sealbag-automaat,Available,False,2023-12-12 15:30:39
8051002,02,912688,Geldautomaat,Available,False,2023-12-12 15:30:39
8051003,01,911316,Geldautomaat,Available,False,2023-12-12 15:30:40
8061001,01,911257,Geldautomaat,Unavailable,False,2023-12-12 15:30:40
8064001,01,610054,Sealbag-automaat,Available,False,2023-12-12 15:30:41
8064001,02,911521,Geldautomaat,Available,False,2023-12-12 15:30:41
8071001,01,912408,Geldautomaat,Available,False,2023-12-12 15:30:41
8071003,01,811349,Geld storten en opnemen,Available,True,2023-12-12 15:30:42
8071005,01,812103,Geld storten en opnemen,Available,True,2023-12-12 15:30:42
8072001,01,911310,Geldautomaat,Available,False,2023-12-12 15:30:42
8075001,01,811114,Geld storten en opnemen,Available,True,2023-12-12 15:30:43
8075002,01,912685,Geldautomaat,Unavailable,False,2023-12-12 15:30:43
8076001,01,911339,Geldautomaat,Available,False,2023-12-12 15:30:44
8077001,01,911322,Geldautomaat,Available,False,2023-12-12 15:30:44
8081001,01,610242,Sealbag-automaat,Available,False,2023-12-12 15:30:45
8081001,02,920243,Geldautomaat,Available,False,2023-12-12 15:30:45
8081004,01,810694,Geld storten en opnemen,Available,True,2023-12-12 15:30:45
8081005,01,812684,Geld storten en opnemen,Available,True,2023-12-12 15:30:45
8084001,01,920409,Geldautomaat,Available,False,2023-12-12 15:30:46
8084003,01,914812,Geldautomaat,Available,False,2023-12-12 15:30:46
8085001,01,920462,Geldautomaat,Available,False,2023-12-12 15:30:47
8091002,01,914119,Geldautomaat,Available,False,2023-12-12 15:30:47
8091002,02,811943,Geld storten en opnemen,Available,False,2023-12-12 15:30:47
8091003,01,812997,Geld storten en opnemen,Available,True,2023-12-12 15:30:48
8096001,01,911131,Geldautomaat,Available,False,2023-12-12 15:30:48
8097001,01,911171,Geldautomaat,Available,False,2023-12-12 15:30:49
8102001,01,911740,Geldautomaat,Available,False,2023-12-12 15:30:49
8102005,01,811355,Geld storten en opnemen,Available,True,2023-12-12 15:30:49
8102006,01,913667,Geldautomaat,Available,False,2023-12-12 15:30:50
8102006,02,810222,Geld storten en opnemen,Available,False,2023-12-12 15:30:50
8102006,03,610989,Sealbag-automaat,Available,False,2023-12-12 15:30:50
8102007,01,812652,Geld storten en opnemen,Available,True,2023-12-12 15:30:50
8105001,01,920106,Geldautomaat,Available,False,2023-12-12 15:30:51
8106001,01,920416,Geldautomaat,Available,False,2023-12-12 15:30:51
8111001,01,920453,Geldautomaat,Available,False,2023-12-12 15:30:52
8111001,02,610121,Sealbag-automaat,Available,False,2023-12-12 15:30:52
8112001,01,911129,Geldautomaat,Available,False,2023-12-12 15:30:52
8121001,01,611030,Sealbag-automaat,Available,False,2023-12-12 15:30:53
8121001,02,911735,Geldautomaat,Available,False,2023-12-12 15:30:53
8121001,03,810207,Geld storten en opnemen,Available,True,2023-12-12 15:30:53
8124001,01,920417,Geldautomaat,Available,False,2023-12-12 15:30:53
8131002,01,912730,Geldautomaat,Available,False,2023-12-12 15:30:54
8131004,01,812335,Geld storten en opnemen,Available,True,2023-12-12 15:30:54
8141001,01,911679,Geldautomaat,Available,False,2023-12-12 15:30:55
8141002,01,911680,Geldautomaat,Available,False,2023-12-12 15:30:55
8141002,02,610123,Sealbag-automaat,Available,False,2023-12-12 15:30:55
8151001,01,610132,Sealbag-automaat,Available,False,2023-12-12 15:30:56
8151001,02,920454,Geldautomaat,Available,False,2023-12-12 15:30:56
8161001,01,911636,Geldautomaat,Available,False,2023-12-12 15:30:56
8161004,01,812927,Geld storten en opnemen,Available,True,2023-12-12 15:30:56
8162002,01,813091,Geld storten en opnemen,Available,True,2023-12-12 15:30:57
8162002,02,611496,Sealbag-automaat,Available,False,2023-12-12 15:30:57
8166001,01,920425,Geldautomaat,Available,False,2023-12-12 15:30:57
8167001,01,920154,Geldautomaat,Available,False,2023-12-12 15:30:58
8171001,01,810254,Geld storten en opnemen,Available,True,2023-12-12 15:30:58
8171002,01,911827,Geldautomaat,Available,False,2023-12-12 15:30:59
8171003,01,911828,Geldautomaat,Available,False,2023-12-12 15:30:59
8171003,02,610198,Sealbag-automaat,Available,False,2023-12-12 15:30:59
8171003,03,812399,Geld storten en opnemen,Available,True,2023-12-12 15:30:59
8171003,04,914607,Geldautomaat,Available,False,2023-12-12 15:30:59
8181001,01,810785,Geld storten en opnemen,Available,True,2023-12-12 15:31:00
8181002,01,811129,Geld storten en opnemen,Available,True,2023-12-12 15:31:00
8181003,01,912690,Geldautomaat,Available,False,2023-12-12 15:31:01
8181003,02,914602,Geldautomaat,Available,False,2023-12-12 15:31:01
8181004,01,812741,Geld storten en opnemen,Available,True,2023-12-12 15:31:01
8191001,01,911137,Geldautomaat,Available,False,2023-12-12 15:31:01
8191002,01,913120,Geldautomaat,Available,False,2023-12-12 15:31:02
8191003,01,812710,Geld storten en opnemen,Available,True,2023-12-12 15:31:02
8212001,01,911183,Geldautomaat,Available,False,2023-12-12 15:31:03
8223001,01,811950,Geld storten en opnemen,Unavailable,False,2023-12-12 15:31:03
8224001,01,912382,Geldautomaat,Available,False,2023-12-12 15:31:04
8224002,01,911583,Geldautomaat,Available,False,2023-12-12 15:31:04
8224002,02,811982,Geld storten en opnemen,Available,True,2023-12-12 15:31:04
8224002,03,610081,Sealbag-automaat,Available,False,2023-12-12 15:31:04
8224003,01,811265,Geld storten en opnemen,Available,True,2023-12-12 15:31:04
8224005,01,912775,Geldautomaat,Available,False,2023-12-12 15:31:05
8225001,01,911109,Geldautomaat,Available,False,2023-12-12 15:31:05
8232002,01,810142,Geld storten en opnemen,Unavailable,False,2023-12-12 15:31:06
8232002,02,914185,Geldautomaat,Unavailable,False,2023-12-12 15:31:06
8232002,03,914186,Geldautomaat,Unavailable,False,2023-12-12 15:31:06
8232003,01,810553,Geld storten en opnemen,Available,True,2023-12-12 15:31:06
8242001,01,911162,Geldautomaat,Available,False,2023-12-12 15:31:07
8242002,01,920148,Geldautomaat,Available,False,2023-12-12 15:31:07
8245001,01,914771,Geldautomaat,Available,False,2023-12-12 15:31:08
8251001,01,911621,Geldautomaat,Available,False,2023-12-12 15:31:08
8251004,01,913222,Geldautomaat,Available,False,2023-12-12 15:31:08
8251004,02,811106,Geld storten en opnemen,Available,True,2023-12-12 15:31:08
8251004,03,610705,Sealbag-automaat,Available,False,2023-12-12 15:31:08
8253001,01,910791,Geldautomaat,Available,False,2023-12-12 15:31:09
8254001,01,811105,Geld storten en opnemen,Available,True,2023-12-12 15:31:09
8254002,01,812521,Geld storten en opnemen,Available,True,2023-12-12 15:31:10
8255001,01,910775,Geldautomaat,Available,False,2023-12-12 15:31:10
8255002,01,812612,Geld storten en opnemen,Available,True,2023-12-12 15:31:11
8256001,01,912232,Geldautomaat,Available,False,2023-12-12 15:31:11
8256003,01,910840,Geldautomaat,Available,False,2023-12-12 15:31:12
8261001,01,912362,Geldautomaat,Available,False,2023-12-12 15:31:12
8261002,01,912363,Geldautomaat,Unavailable,False,2023-12-12 15:31:12
8261005,01,610949,Sealbag-automaat,Available,False,2023-12-12 15:31:13
8261005,02,913585,Geldautomaat,Available,False,2023-12-12 15:31:13
8261006,01,810537,Geld storten en opnemen,Available,True,2023-12-12 15:31:13
8265001,01,911582,Geldautomaat,Available,False,2023-12-12 15:31:14
8265002,01,911165,Geldautomaat,Available,False,2023-12-12 15:31:14
8265003,01,911166,Geldautomaat,Available,False,2023-12-12 15:31:15
8265004,01,910011,Geldautomaat,Available,False,2023-12-12 15:31:15
8266001,01,812621,Geld storten en opnemen,Available,True,2023-12-12 15:31:15
8271001,01,810023,Geld storten en opnemen,Available,True,2023-12-12 15:31:16
8271001,02,911390,Geldautomaat,Available,False,2023-12-12 15:31:16
8281001,01,610004,Sealbag-automaat,Available,False,2023-12-12 15:31:16
8281001,02,810061,Geld storten en opnemen,Available,True,2023-12-12 15:31:16
8281001,03,810060,Geld storten en opnemen,Available,True,2023-12-12 15:31:16
8281002,01,910804,Geldautomaat,Available,False,2023-12-12 15:31:17
8302001,01,912278,Geldautomaat,Available,False,2023-12-12 15:31:17
8302002,01,911153,Geldautomaat,Available,False,2023-12-12 15:31:18
8302006,01,811511,Geld storten en opnemen,Available,True,2023-12-12 15:31:18
8302007,01,812091,Geld storten en opnemen,Available,True,2023-12-12 15:31:19
8302009,01,611328,Sealbag-automaat,Available,False,2023-12-12 15:31:19
8302009,02,920356,Geldautomaat,Available,False,2023-12-12 15:31:19
8303001,01,911155,Geldautomaat,Available,False,2023-12-12 15:31:20
8307001,01,920492,Geldautomaat,Available,False,2023-12-12 15:31:20
8308002,01,812101,Geld storten en opnemen,Available,True,2023-12-12 15:31:20
8312001,01,910576,Geldautomaat,Available,False,2023-12-12 15:31:21
8316001,01,910004,Geldautomaat,Unavailable,False,2023-12-12 15:31:21
8321001,01,810824,Geld storten en opnemen,Available,True,2023-12-12 15:31:22
8321001,02,610605,Sealbag-automaat,Available,False,2023-12-12 15:31:22
8321003,01,910828,Geldautomaat,Available,False,2023-12-12 15:31:22
8321006,01,812179,Geld storten en opnemen,Available,True,2023-12-12 15:31:22
8322001,01,920374,Geldautomaat,Available,False,2023-12-12 15:31:23
8325001,01,810273,Geld storten en opnemen,Available,True,2023-12-12 15:31:23
8326001,01,920109,Geldautomaat,Available,False,2023-12-12 15:31:24
8331001,01,810251,Geld storten en opnemen,Available,True,2023-12-12 15:31:24
8331001,02,610201,Sealbag-automaat,Available,False,2023-12-12 15:31:24
8331003,01,911816,Geldautomaat,Available,False,2023-12-12 15:31:25
8331004,01,920502,Geldautomaat,Unavailable,False,2023-12-12 15:31:25
8332001,01,910798,Geldautomaat,Available,False,2023-12-12 15:31:26
8341001,01,920468,Geldautomaat,Available,False,2023-12-12 15:31:26
8355001,01,920471,Geldautomaat,Available,False,2023-12-12 15:31:26
8356001,01,920151,Geldautomaat,Available,False,2023-12-12 15:31:27
8374001,01,910007,Geldautomaat,Available,False,2023-12-12 15:31:27
8375001,01,911987,Geldautomaat,Available,False,2023-12-12 15:31:28
8375001,02,610280,Sealbag-automaat,Available,False,2023-12-12 15:31:28
8381001,01,930075,Geldautomaat,Available,False,2023-12-12 15:31:28
8391001,01,911730,Geldautomaat,Available,False,2023-12-12 15:31:29
8391001,02,610150,Sealbag-automaat,Available,False,2023-12-12 15:31:29
8391003,01,811159,Geld storten en opnemen,Available,True,2023-12-12 15:31:29
8401001,01,610114,Sealbag-automaat,Available,False,2023-12-12 15:31:30
8401001,02,914077,Geldautomaat,Available,False,2023-12-12 15:31:30
8401002,01,911655,Geldautomaat,Available,False,2023-12-12 15:31:30
8401003,01,811517,Geld storten en opnemen,Available,True,2023-12-12 15:31:30
8401005,01,812683,Geld storten en opnemen,Available,True,2023-12-12 15:31:31
8411001,01,810043,Geld storten en opnemen,Available,True,2023-12-12 15:31:31
8414001,01,910812,Geldautomaat,Available,False,2023-12-12 15:31:32
8421001,01,920074,Geldautomaat,Available,False,2023-12-12 15:31:32
8426001,01,810041,Geld storten en opnemen,Available,True,2023-12-12 15:31:33
8431001,01,911746,Geldautomaat,Available,False,2023-12-12 15:31:33
8431004,01,812356,Geld storten en opnemen,Available,True,2023-12-12 15:31:34
8431005,01,812528,Geld storten en opnemen,Available,True,2023-12-12 15:31:34
8433001,01,911922,Geldautomaat,Available,False,2023-12-12 15:31:34
8433001,02,610253,Sealbag-automaat,Available,False,2023-12-12 15:31:34
8435001,01,910759,Geldautomaat,Unavailable,False,2023-12-12 15:31:35
8441001,01,912309,Geldautomaat,Available,False,2023-12-12 15:31:35
8442001,01,912308,Geldautomaat,Available,False,2023-12-12 15:31:36
8443001,01,910824,Geldautomaat,Available,False,2023-12-12 15:31:36
8458001,01,910825,Geldautomaat,Available,False,2023-12-12 15:31:36
8463001,01,920073,Geldautomaat,Unavailable,False,2023-12-12 15:31:37
8471001,01,810647,Geld storten en opnemen,Available,False,2023-12-12 15:31:37
8471002,01,912517,Geldautomaat,Available,False,2023-12-12 15:31:38
8471007,01,811906,Geld storten en opnemen,Available,True,2023-12-12 15:31:38
8491001,01,910756,Geldautomaat,Available,False,2023-12-12 15:31:39
8501001,01,610334,Sealbag-automaat,Available,False,2023-12-12 15:31:40
8501001,02,810378,Geld storten en opnemen,Available,True,2023-12-12 15:31:40
8501004,01,811332,Geld storten en opnemen,Available,True,2023-12-12 15:31:40
8501006,01,912116,Geldautomaat,Available,False,2023-12-12 15:31:41
8521001,01,610191,Sealbag-automaat,Available,False,2023-12-12 15:31:41
8521001,02,920569,Geldautomaat,Available,False,2023-12-12 15:31:41
8525001,01,920572,Geldautomaat,Unavailable,False,2023-12-12 15:31:42
8531001,01,810189,Geld storten en opnemen,Available,True,2023-12-12 15:31:42
8531001,02,610133,Sealbag-automaat,Available,False,2023-12-12 15:31:42
8531004,01,811930,Geld storten en opnemen,Available,True,2023-12-12 15:31:43
8531005,01,914859,Geldautomaat,Available,False,2023-12-12 15:31:43
8539001,01,920571,Geldautomaat,Available,False,2023-12-12 15:31:43
8551001,01,920429,Geldautomaat,Available,False,2023-12-12 15:31:44
8556001,01,920430,Geldautomaat,Available,False,2023-12-12 15:31:44
8561001,01,811404,Geld storten en opnemen,Available,True,2023-12-12 15:31:45
8561003,01,920484,Geldautomaat,Available,False,2023-12-12 15:31:45
8561003,02,611004,Sealbag-automaat,Available,False,2023-12-12 15:31:45
8567001,01,920486,Geldautomaat,Available,False,2023-12-12 15:31:46
8574001,01,910569,Geldautomaat,Unavailable,False,2023-12-12 15:31:46
8601001,01,914107,Geldautomaat,Available,False,2023-12-12 15:31:47
8601001,02,810604,Geld storten en opnemen,Unavailable,False,2023-12-12 15:31:47
8601002,01,912436,Geldautomaat,Available,False,2023-12-12 15:31:47
8601003,01,910565,Geldautomaat,Available,False,2023-12-12 15:31:47
8601005,01,913648,Geldautomaat,Available,False,2023-12-12 15:31:48
8601006,01,913588,Geldautomaat,Available,False,2023-12-12 15:31:48
8601006,02,913587,Geldautomaat,Available,False,2023-12-12 15:31:48
8601006,03,610953,Sealbag-automaat,Available,False,2023-12-12 15:31:48
8601007,01,811426,Geld storten en opnemen,Available,False,2023-12-12 15:31:49
8604001,01,913881,Geldautomaat,Available,False,2023-12-12 15:31:49
8604002,01,911277,Geldautomaat,Available,False,2023-12-12 15:31:50
8621001,01,911923,Geldautomaat,Available,False,2023-12-12 15:31:50
8621001,02,610254,Sealbag-automaat,Available,False,2023-12-12 15:31:50
8701002,01,911392,Geldautomaat,Unavailable,False,2023-12-12 15:31:50
8701003,01,811086,Geld storten en opnemen,Available,True,2023-12-12 15:31:51
8711001,01,811433,Geld storten en opnemen,Available,True,2023-12-12 15:31:51
8711002,01,610607,Sealbag-automaat,Available,False,2023-12-12 15:31:52
8711002,02,920227,Geldautomaat,Available,False,2023-12-12 15:31:52
8713001,01,910494,Geldautomaat,Available,False,2023-12-12 15:31:52
8715001,01,810008,Geld storten en opnemen,Available,True,2023-12-12 15:31:53
8723001,01,914422,Geldautomaat,Available,False,2023-12-12 15:31:53
8723001,02,812355,Geld storten en opnemen,Available,True,2023-12-12 15:31:53
8731001,01,911554,Geldautomaat,Unavailable,False,2023-12-12 15:31:53
8731001,02,610067,Sealbag-automaat,Available,False,2023-12-12 15:31:53
8754001,01,912970,Geldautomaat,Available,False,2023-12-12 15:31:54
8801001,01,911274,Geldautomaat,Available,False,2023-12-12 15:31:54
8801003,01,811117,Geld storten en opnemen,Available,True,2023-12-12 15:31:55
8801004,01,812920,Geld storten en opnemen,Available,True,2023-12-12 15:31:55
8821001,01,812039,Geld storten en opnemen,Available,True,2023-12-12 15:31:56
8822001,01,813092,Geld storten en opnemen,Available,True,2023-12-12 15:31:56
8831001,01,812183,Geld storten en opnemen,Available,True,2023-12-12 15:31:57
8855001,01,813086,Geld storten en opnemen,Available,True,2023-12-12 15:31:57
8861001,01,912304,Geldautomaat,Available,False,2023-12-12 15:31:57
8861002,01,912305,Geldautomaat,Available,False,2023-12-12 15:31:58
8861002,02,610403,Sealbag-automaat,Available,False,2023-12-12 15:31:58
8861005,01,810506,Geld storten en opnemen,Available,True,2023-12-12 15:31:58
8862001,01,910076,Geldautomaat,Unavailable,False,2023-12-12 15:31:59
8881001,01,810835,Geld storten en opnemen,Available,True,2023-12-12 15:31:59
8881001,02,610610,Sealbag-automaat,Available,False,2023-12-12 15:31:59
8881002,01,811376,Geld storten en opnemen,Available,True,2023-12-12 15:32:00
8881003,01,912729,Geldautomaat,Available,False,2023-12-12 15:32:00
8881005,01,912728,Geldautomaat,Available,False,2023-12-12 15:32:01
8891001,01,610062,Sealbag-automaat,Available,False,2023-12-12 15:32:01
8891001,02,911538,Geldautomaat,Available,False,2023-12-12 15:32:01
8891003,01,813078,Geld storten en opnemen,Available,True,2023-12-12 15:32:01
8899001,01,811375,Geld storten en opnemen,Available,True,2023-12-12 15:32:02
8899002,01,610599,Sealbag-automaat,Available,False,2023-12-12 15:32:02
8899002,02,913562,Geldautomaat,Available,False,2023-12-12 15:32:02
8899003,01,912720,Geldautomaat,Available,False,2023-12-12 15:32:03
8911001,01,912366,Geldautomaat,Available,False,2023-12-12 15:32:03
8911002,01,912367,Geldautomaat,Available,False,2023-12-12 15:32:04
8911005,01,611151,Sealbag-automaat,Available,False,2023-12-12 15:32:04
8911005,02,914180,Geldautomaat,Available,False,2023-12-12 15:32:04
8911008,01,811546,Geld storten en opnemen,Available,True,2023-12-12 15:32:05
8911009,01,812250,Geld storten en opnemen,Available,True,2023-12-12 15:32:05
8911010,01,812040,Geld storten en opnemen,Available,True,2023-12-12 15:32:06
8913001,01,914833,Geldautomaat,Available,False,2023-12-12 15:32:06
8916001,01,910080,Geldautomaat,Available,False,2023-12-12 15:32:07
8918001,01,912658,Geldautomaat,Available,False,2023-12-12 15:32:07
8918003,01,811730,Geld storten en opnemen,Available,True,2023-12-12 15:32:07
8918004,01,812555,Geld storten en opnemen,Available,True,2023-12-12 15:32:08
8924001,01,914057,Geldautomaat,Available,False,2023-12-12 15:32:08
8924002,01,920442,Geldautomaat,Unavailable,False,2023-12-12 15:32:09
8924003,01,812733,Geld storten en opnemen,Available,True,2023-12-12 15:32:09
8925001,01,912186,Geldautomaat,Available,False,2023-12-12 15:32:10
8925002,01,812243,Geld storten en opnemen,Available,True,2023-12-12 15:32:10
8932001,01,914135,Geldautomaat,Available,False,2023-12-12 15:32:10
8932002,01,911271,Geldautomaat,Available,False,2023-12-12 15:32:11
8933001,01,911273,Geldautomaat,Available,False,2023-12-12 15:32:11
8934001,01,910154,Geldautomaat,Available,False,2023-12-12 15:32:12
8936002,01,912781,Geldautomaat,Available,False,2023-12-12 15:32:12
8936006,01,811668,Geld storten en opnemen,Available,True,2023-12-12 15:32:13
8939001,01,910159,Geldautomaat,Available,False,2023-12-12 15:32:13
9001001,01,811327,Geld storten en opnemen,Available,True,2023-12-12 15:32:14
9005001,01,920083,Geldautomaat,Available,False,2023-12-12 15:32:14
9036001,01,910062,Geldautomaat,Available,False,2023-12-12 15:32:15
9041001,01,812086,Geld storten en opnemen,Available,True,2023-12-12 15:32:15
9047001,01,920473,Geldautomaat,Available,False,2023-12-12 15:32:15
9051001,01,810252,Geld storten en opnemen,Available,False,2023-12-12 15:32:16
9051002,01,911378,Geldautomaat,Available,False,2023-12-12 15:32:16
9051006,01,812629,Geld storten en opnemen,Available,True,2023-12-12 15:32:17
9061001,01,910123,Geldautomaat,Available,False,2023-12-12 15:32:17
9074001,01,910071,Geldautomaat,Available,False,2023-12-12 15:32:18
9076001,01,911808,Geldautomaat,Available,False,2023-12-12 15:32:18
9076003,01,812624,Geld storten en opnemen,Available,True,2023-12-12 15:32:18
9101001,01,810154,Geld storten en opnemen,Available,True,2023-12-12 15:32:19
9101002,01,911611,Geldautomaat,Available,False,2023-12-12 15:32:19
9101006,01,911612,Geldautomaat,Available,False,2023-12-12 15:32:20
9101006,02,610093,Sealbag-automaat,Available,False,2023-12-12 15:32:20
9101007,01,813139,Geld storten en opnemen,Available,True,2023-12-12 15:32:20
9104001,01,912554,Geldautomaat,Available,False,2023-12-12 15:32:21
9104003,01,811500,Geld storten en opnemen,Available,True,2023-12-12 15:32:21
9111001,01,910116,Geldautomaat,Available,False,2023-12-12 15:32:22
9133001,01,910088,Geldautomaat,Available,False,2023-12-12 15:32:22
9145001,01,920136,Geldautomaat,Available,False,2023-12-12 15:32:22
9151001,01,920085,Geldautomaat,Available,False,2023-12-12 15:32:23
9161001,01,910129,Geldautomaat,Available,False,2023-12-12 15:32:23
9163001,01,811345,Geld storten en opnemen,Available,True,2023-12-12 15:32:24
9163003,01,912812,Geldautomaat,Available,False,2023-12-12 15:32:24
9163003,02,611437,Sealbag-automaat,Available,False,2023-12-12 15:32:24
9166001,01,911784,Geldautomaat,Available,False,2023-12-12 15:32:25
9166002,01,610179,Sealbag-automaat,Available,False,2023-12-12 15:32:25
9166002,02,812433,Geld storten en opnemen,Available,True,2023-12-12 15:32:25
9172002,01,611356,Sealbag-automaat,Available,False,2023-12-12 15:32:26
9172002,02,914676,Geldautomaat,Available,False,2023-12-12 15:32:26
9201001,01,812585,Geld storten en opnemen,Available,True,2023-12-12 15:32:26
9202001,01,911357,Geldautomaat,Available,False,2023-12-12 15:32:26
9202002,01,911358,Geldautomaat,Available,False,2023-12-12 15:32:27
9203001,01,912256,Geldautomaat,Available,False,2023-12-12 15:32:27
9203002,01,912257,Geldautomaat,Available,False,2023-12-12 15:32:28
9203006,01,811507,Geld storten en opnemen,Available,True,2023-12-12 15:32:28
9203007,01,810477,Geld storten en opnemen,Available,True,2023-12-12 15:32:29
9204001,01,910183,Geldautomaat,Available,False,2023-12-12 15:32:29
9204002,01,910096,Geldautomaat,Available,False,2023-12-12 15:32:29
9204002,02,611464,Sealbag-automaat,Available,False,2023-12-12 15:32:29
9212001,01,910136,Geldautomaat,Available,False,2023-12-12 15:32:30
9216001,01,910083,Geldautomaat,Available,False,2023-12-12 15:32:30
9231001,01,911420,Geldautomaat,Available,False,2023-12-12 15:32:31
9231004,01,811369,Geld storten en opnemen,Available,True,2023-12-12 15:32:31
9231005,01,812678,Geld storten en opnemen,Available,True,2023-12-12 15:32:32
9244001,01,910188,Geldautomaat,Available,False,2023-12-12 15:32:32
9247001,01,910100,Geldautomaat,Available,False,2023-12-12 15:32:33
9251001,01,810443,Geld storten en opnemen,Available,True,2023-12-12 15:32:33
9251001,02,610890,Sealbag-automaat,Available,False,2023-12-12 15:32:33
9251004,01,812174,Geld storten en opnemen,Available,True,2023-12-12 15:32:34
9254001,01,911349,Geldautomaat,Available,False,2023-12-12 15:32:34
9254003,01,812748,Geld storten en opnemen,Available,True,2023-12-12 15:32:35
9261001,01,920024,Geldautomaat,Available,False,2023-12-12 15:32:35
9263001,01,910195,Geldautomaat,Available,False,2023-12-12 15:32:35
9264001,01,812670,Geld storten en opnemen,Available,True,2023-12-12 15:32:36
9269001,01,910202,Geldautomaat,Available,False,2023-12-12 15:32:36
9271001,01,610092,Sealbag-automaat,Available,False,2023-12-12 15:32:37
9271001,02,911609,Geldautomaat,Available,False,2023-12-12 15:32:37
9281001,01,910208,Geldautomaat,Available,False,2023-12-12 15:32:37
9285001,01,813011,Geld storten en opnemen,Available,True,2023-12-12 15:32:38
9285001,02,610089,Sealbag-automaat,Available,False,2023-12-12 15:32:38
9288001,01,920580,Geldautomaat,Unavailable,False,2023-12-12 15:32:38
9288001,02,910213,Geldautomaat,Unavailable,False,2023-12-12 15:32:38
9291001,01,610292,Sealbag-automaat,Available,False,2023-12-12 15:32:38
9291001,02,914143,Geldautomaat,Available,False,2023-12-12 15:32:38
9291002,01,811334,Geld storten en opnemen,Available,True,2023-12-12 15:32:39
9298001,01,910203,Geldautomaat,Available,False,2023-12-12 15:32:39
9301001,01,911764,Geldautomaat,Available,False,2023-12-12 15:32:40
9301004,01,811567,Geld storten en opnemen,Available,True,2023-12-12 15:32:40
9301005,01,812531,Geld storten en opnemen,Available,True,2023-12-12 15:32:41
9311001,01,910221,Geldautomaat,Unavailable,False,2023-12-12 15:32:41
9321001,01,910277,Geldautomaat,Available,False,2023-12-12 15:32:42
9331001,01,810202,Geld storten en opnemen,Available,True,2023-12-12 15:32:42
9351001,01,810794,Geld storten en opnemen,Available,False,2023-12-12 15:32:42
9351001,02,610592,Sealbag-automaat,Available,False,2023-12-12 15:32:42
9351002,01,811139,Geld storten en opnemen,Available,True,2023-12-12 15:32:43
9351003,01,912696,Geldautomaat,Available,False,2023-12-12 15:32:43
9351005,01,812749,Geld storten en opnemen,Available,True,2023-12-12 15:32:44
9356001,01,910218,Geldautomaat,Available,False,2023-12-12 15:32:44
9363001,01,911709,Geldautomaat,Available,False,2023-12-12 15:32:45
9363002,01,911710,Geldautomaat,Available,False,2023-12-12 15:32:45
9401001,01,810134,Geld storten en opnemen,Available,True,2023-12-12 15:32:45
9401001,02,610070,Sealbag-automaat,Available,False,2023-12-12 15:32:45
9401001,03,810133,Geld storten en opnemen,Available,True,2023-12-12 15:32:45
9401003,01,911567,Geldautomaat,Available,False,2023-12-12 15:32:46
9401008,01,811486,Geld storten en opnemen,Available,True,2023-12-12 15:32:47
9401009,01,812083,Geld storten en opnemen,Available,True,2023-12-12 15:32:47
9403002,01,910044,Geldautomaat,Available,False,2023-12-12 15:32:48
9404001,01,910315,Geldautomaat,Available,False,2023-12-12 15:32:48
9405001,01,913969,Geldautomaat,Available,False,2023-12-12 15:32:48
9406001,01,913983,Geldautomaat,Available,False,2023-12-12 15:32:49
9406001,02,913982,Geldautomaat,Available,False,2023-12-12 15:32:49
9407001,01,910297,Geldautomaat,Available,False,2023-12-12 15:32:49
9408001,01,911953,Geldautomaat,Available,False,2023-12-12 15:32:50
9408003,01,812536,Geld storten en opnemen,Available,True,2023-12-12 15:32:50
9411001,01,912200,Geldautomaat,Available,False,2023-12-12 15:32:51
9411002,01,811078,Geld storten en opnemen,Available,True,2023-12-12 15:32:51
9411004,01,812558,Geld storten en opnemen,Available,True,2023-12-12 15:32:52
9422001,01,810089,Geld storten en opnemen,Available,True,2023-12-12 15:32:52
9423001,01,920125,Geldautomaat,Available,False,2023-12-12 15:32:52
9431001,01,811896,Geld storten en opnemen,Available,True,2023-12-12 15:32:53
9431002,01,611457,Sealbag-automaat,Available,False,2023-12-12 15:32:53
9431002,02,914546,Geldautomaat,Available,False,2023-12-12 15:32:53
9451002,01,811171,Geld storten en opnemen,Available,True,2023-12-12 15:32:54
9451003,01,914878,Geldautomaat,Available,False,2023-12-12 15:32:54
9461001,01,811122,Geld storten en opnemen,Available,True,2023-12-12 15:32:55
9461002,01,912686,Geldautomaat,Available,False,2023-12-12 15:32:55
9468001,01,910306,Geldautomaat,Available,False,2023-12-12 15:32:55
9471003,01,811385,Geld storten en opnemen,Available,True,2023-12-12 15:32:56
9471005,01,913683,Geldautomaat,Available,False,2023-12-12 15:32:56
9501001,01,911417,Geldautomaat,Available,False,2023-12-12 15:32:57
9501003,01,811427,Geld storten en opnemen,Unavailable,False,2023-12-12 15:32:57
9501004,01,611059,Sealbag-automaat,Available,False,2023-12-12 15:32:58
9501004,02,914007,Geldautomaat,Available,False,2023-12-12 15:32:58
9501007,01,811889,Geld storten en opnemen,Available,True,2023-12-12 15:32:58
9514001,01,910313,Geldautomaat,Available,False,2023-12-12 15:32:59
9521001,01,910317,Geldautomaat,Available,False,2023-12-12 15:32:59
9531001,01,912222,Geldautomaat,Available,False,2023-12-12 15:32:59
9531002,01,811406,Geld storten en opnemen,Available,True,2023-12-12 15:33:00
9541001,01,913621,Geldautomaat,Available,False,2023-12-12 15:33:00
9541001,02,610633,Sealbag-automaat,Available,False,2023-12-12 15:33:00
9541002,01,811591,Geld storten en opnemen,Available,True,2023-12-12 15:33:01
9551001,01,910377,Geldautomaat,Available,False,2023-12-12 15:33:01
9561001,01,913932,Geldautomaat,Available,False,2023-12-12 15:33:02
9561002,01,910383,Geldautomaat,Available,False,2023-12-12 15:33:02
9561003,01,912986,Geldautomaat,Available,False,2023-12-12 15:33:02
9561003,02,610933,Sealbag-automaat,Available,False,2023-12-12 15:33:02
9561006,01,811370,Geld storten en opnemen,Available,True,2023-12-12 15:33:03
9571002,01,813101,Geld storten en opnemen,Available,True,2023-12-12 15:33:03
9581002,01,811151,Geld storten en opnemen,Available,True,2023-12-12 15:33:04
9581003,01,811152,Geld storten en opnemen,Available,True,2023-12-12 15:33:04
9581003,02,610638,Sealbag-automaat,Available,False,2023-12-12 15:33:04
9591001,01,910389,Geldautomaat,Available,False,2023-12-12 15:33:05
9601001,01,920038,Geldautomaat,Available,False,2023-12-12 15:33:05
9603001,01,912356,Geldautomaat,Available,False,2023-12-12 15:33:05
9603003,01,611033,Sealbag-automaat,Available,False,2023-12-12 15:33:06
9603003,02,811790,Geld storten en opnemen,Available,True,2023-12-12 15:33:06
9603005,01,811536,Geld storten en opnemen,Available,True,2023-12-12 15:33:06
9611001,01,913851,Geldautomaat,Available,False,2023-12-12 15:33:07
9611004,01,920040,Geldautomaat,Available,False,2023-12-12 15:33:07
9617001,01,810007,Geld storten en opnemen,Available,True,2023-12-12 15:33:08
9621001,01,910412,Geldautomaat,Available,False,2023-12-12 15:33:08
9626001,01,813009,Geld storten en opnemen,Available,True,2023-12-12 15:33:09
9628001,01,911790,Geldautomaat,Available,False,2023-12-12 15:33:09
9628002,01,911791,Geldautomaat,Available,False,2023-12-12 15:33:09
9628002,02,610181,Sealbag-automaat,Available,False,2023-12-12 15:33:09
9636001,01,910415,Geldautomaat,Available,False,2023-12-12 15:33:10
9641001,01,810263,Geld storten en opnemen,Available,False,2023-12-12 15:33:10
9641001,02,610215,Sealbag-automaat,Available,False,2023-12-12 15:33:10
9641001,03,810264,Geld storten en opnemen,Available,True,2023-12-12 15:33:10
9641006,01,811584,Geld storten en opnemen,Available,True,2023-12-12 15:33:11
9642001,01,910014,Geldautomaat,Available,False,2023-12-12 15:33:11
9645001,01,910319,Geldautomaat,Available,False,2023-12-12 15:33:12
9648001,01,913899,Geldautomaat,Available,False,2023-12-12 15:33:12
9649001,01,910418,Geldautomaat,Available,False,2023-12-12 15:33:13
9663001,01,910473,Geldautomaat,Available,False,2023-12-12 15:33:13
9665001,01,811162,Geld storten en opnemen,Available,True,2023-12-12 15:33:13
9665002,01,912703,Geldautomaat,Available,False,2023-12-12 15:33:14
9671005,01,811599,Geld storten en opnemen,Available,True,2023-12-12 15:33:14
9672001,01,910393,Geldautomaat,Available,False,2023-12-12 15:33:15
9679003,01,811794,Geld storten en opnemen,Available,True,2023-12-12 15:33:15
9686001,01,910483,Geldautomaat,Available,False,2023-12-12 15:33:16
9695001,01,910486,Geldautomaat,Available,False,2023-12-12 15:33:16
9697001,01,910475,Geldautomaat,Available,False,2023-12-12 15:33:16
9711002,01,912113,Geldautomaat,Available,False,2023-12-12 15:33:17
9711003,01,912114,Geldautomaat,Available,False,2023-12-12 15:33:17
9711004,01,910650,Geldautomaat,Available,False,2023-12-12 15:33:18
9712001,01,810175,Geld storten en opnemen,Available,True,2023-12-12 15:33:18
9712001,02,914080,Geldautomaat,Available,False,2023-12-12 15:33:18
9712001,03,810176,Geld storten en opnemen,Available,True,2023-12-12 15:33:18
9712001,04,913727,Geldautomaat,Available,False,2023-12-12 15:33:18
9712001,05,811837,Geld storten en opnemen,Available,True,2023-12-12 15:33:18
9712001,06,812851,Geld storten en opnemen,Available,True,2023-12-12 15:33:18
9712001,07,812850,Geld storten en opnemen,Available,True,2023-12-12 15:33:18
9712001,08,811836,Geld storten en opnemen,Available,True,2023-12-12 15:33:18
9712001,09,610116,Sealbag-automaat,Available,False,2023-12-12 15:33:18
9712002,01,911663,Geldautomaat,Available,False,2023-12-12 15:33:19
9712004,01,912757,Geldautomaat,Available,False,2023-12-12 15:33:19
9712005,01,913843,Geldautomaat,Available,False,2023-12-12 15:33:20
9712005,02,913842,Geldautomaat,Available,False,2023-12-12 15:33:20
9712005,03,913841,Geldautomaat,Available,False,2023-12-12 15:33:20
9712006,01,910651,Geldautomaat,Available,False,2023-12-12 15:33:20
9712010,01,811519,Geld storten en opnemen,Available,True,2023-12-12 15:33:20
9713001,01,812421,Geld storten en opnemen,Available,True,2023-12-12 15:33:21
9714001,01,914669,Geldautomaat,Available,False,2023-12-12 15:33:21
9714003,01,813001,Geld storten en opnemen,Available,True,2023-12-12 15:33:22
9715001,01,910397,Geldautomaat,Available,False,2023-12-12 15:33:22
9718001,01,914264,Geldautomaat,Available,False,2023-12-12 15:33:23
9721001,01,910402,Geldautomaat,Available,False,2023-12-12 15:33:23
9721002,01,911546,Geldautomaat,Available,False,2023-12-12 15:33:24
9721004,01,813074,Geld storten en opnemen,Available,True,2023-12-12 15:33:24
9724001,01,810720,Geld storten en opnemen,Available,True,2023-12-12 15:33:25
9728001,01,920042,Geldautomaat,Available,False,2023-12-12 15:33:25
9728002,01,910564,Geldautomaat,Available,False,2023-12-12 15:33:25
9728003,01,811635,Geld storten en opnemen,Available,True,2023-12-12 15:33:26
9728007,01,912794,Geldautomaat,Available,False,2023-12-12 15:33:26
9731001,01,910568,Geldautomaat,Available,False,2023-12-12 15:33:27
9731002,01,910562,Geldautomaat,Available,False,2023-12-12 15:33:27
9733001,01,811267,Geld storten en opnemen,Available,True,2023-12-12 15:33:28
9733003,01,930008,Geldautomaat,Available,False,2023-12-12 15:33:28
9737002,01,811797,Geld storten en opnemen,Available,True,2023-12-12 15:33:28
9741001,01,920407,Geldautomaat,Available,False,2023-12-12 15:33:29
9741002,01,910571,Geldautomaat,Available,False,2023-12-12 15:33:29
9742001,01,911913,Geldautomaat,Available,False,2023-12-12 15:33:30
9742003,01,611129,Sealbag-automaat,Available,False,2023-12-12 15:33:30
9742003,02,811948,Geld storten en opnemen,Available,True,2023-12-12 15:33:30
9742005,01,811245,Geld storten en opnemen,Available,True,2023-12-12 15:33:31
9742006,01,812227,Geld storten en opnemen,Available,True,2023-12-12 15:33:31
9743001,01,914161,Geldautomaat,Available,False,2023-12-12 15:33:32
9743002,01,910574,Geldautomaat,Available,False,2023-12-12 15:33:32
9745001,01,910577,Geldautomaat,Available,False,2023-12-12 15:33:32
9751001,01,911414,Geldautomaat,Available,False,2023-12-12 15:33:33
9751002,01,812095,Geld storten en opnemen,Available,True,2023-12-12 15:33:33
9751002,02,611289,Sealbag-automaat,Available,False,2023-12-12 15:33:33
9751003,01,811522,Geld storten en opnemen,Available,True,2023-12-12 15:33:34
9761001,01,920044,Geldautomaat,Available,False,2023-12-12 15:33:34
9765001,01,810005,Geld storten en opnemen,Available,True,2023-12-12 15:33:35
9765002,01,911352,Geldautomaat,Available,False,2023-12-12 15:33:35
9765003,01,911353,Geldautomaat,Available,False,2023-12-12 15:33:35
9781001,01,810764,Geld storten en opnemen,Available,True,2023-12-12 15:33:36
9781001,02,610575,Sealbag-automaat,Available,False,2023-12-12 15:33:36
9781002,01,811075,Geld storten en opnemen,Available,True,2023-12-12 15:33:36
9791001,01,920575,Geldautomaat,Available,False,2023-12-12 15:33:37
9801001,01,912539,Geldautomaat,Available,False,2023-12-12 15:33:37
9801006,01,811813,Geld storten en opnemen,Available,True,2023-12-12 15:33:38
9822001,01,812380,Geld storten en opnemen,Available,True,2023-12-12 15:33:38
9831001,01,910580,Geldautomaat,Available,False,2023-12-12 15:33:39
9843003,01,813100,Geld storten en opnemen,Available,True,2023-12-12 15:33:39
9861001,01,911665,Geldautomaat,Available,False,2023-12-12 15:33:39
9861003,01,812525,Geld storten en opnemen,Available,True,2023-12-12 15:33:40
9865001,01,920029,Geldautomaat,Available,False,2023-12-12 15:33:40
9883001,01,910284,Geldautomaat,Available,False,2023-12-12 15:33:41
9901001,01,920414,Geldautomaat,Available,False,2023-12-12 15:33:41
9901004,01,812656,Geld storten en opnemen,Available,True,2023-12-12 15:33:41
9902002,01,911994,Geldautomaat,Available,False,2023-12-12 15:33:42
9919001,01,910654,Geldautomaat,Available,False,2023-12-12 15:33:42
9919002,01,910655,Geldautomaat,Available,False,2023-12-12 15:33:43
9933001,01,910656,Geldautomaat,Available,False,2023-12-12 15:33:43
9934001,01,913835,Geldautomaat,Available,False,2023-12-12 15:33:44
9934002,01,912244,Geldautomaat,Available,False,2023-12-12 15:33:44
9934007,01,811502,Geld storten en opnemen,Available,True,2023-12-12 15:33:45
9934010,01,611472,Sealbag-automaat,Available,False,2023-12-12 15:33:45
9934010,02,813007,Geld storten en opnemen,Unavailable,False,2023-12-12 15:33:45
9951001,01,610231,Sealbag-automaat,Available,False,2023-12-12 15:33:46
9951001,02,810276,Geld storten en opnemen,Available,True,2023-12-12 15:33:46
9951002,01,910657,Geldautomaat,Available,False,2023-12-12 15:33:46
9965001,01,911641,Geldautomaat,Available,False,2023-12-12 15:33:46
9965001,02,610105,Sealbag-automaat,Available,False,2023-12-12 15:33:46
9967001,01,910653,Geldautomaat,Available,False,2023-12-12 15:33:47
9974001,01,920098,Geldautomaat,Available,False,2023-12-12 15:33:47
9981002,01,911421,Geldautomaat,Available,False,2023-12-12 15:33:48
9981003,01,610011,Sealbag-automaat,Available,False,2023-12-12 15:33:48
9981003,02,911422,Geldautomaat,Available,False,2023-12-12 15:33:48
9981006,01,811713,Geld storten en opnemen,Available,True,2023-12-12 15:33:49
9982001,01,910660,Geldautomaat,Available,False,2023-12-12 15:33:49
9989001,01,910658,Geldautomaat,Available,False,2023-12-12 15:33:50
9991001,01,910662,Geldautomaat,Available,False,2023-12-12 15:33:50
1102008,01,810344,Geld storten en opnemen,Unavailable,False,2023-12-12 15:33:51
1102008,02,810345,Geld storten en opnemen,Unavailable,True,2023-12-12 15:33:51
2545005,01,811625,Geld storten en opnemen,Available,True,2023-12-12 15:33:54
3881005,01,813060,Geld storten en opnemen,Available,True,2023-12-12 15:33:56
3881005,02,611485,Sealbag-automaat,Available,False,2023-12-12 15:33:56
9033001,01,920086,Geldautomaat,Available,False,2023-12-12 15:34:02
